2.78902191862074 -2.33813206488073 -4.28185826775421 0.115072145722373 0.722928538428954 0.460653855517541 -4.42493132684272 -3.14208780393708 0.178451092315477 -6.77440403535377
-3.67272230045031 7.97964500977014 14.1108289858008 5.88714603937832 -3.46781006840176 11.2311013098124 2.21864966864915 0.729078606233096 8.18659021600282 7.53991206579959
1.68771320632848 -10.866352225268 -4.20134255135047 -12.0513201556174 -2.87124256601406 5.94246619220133 6.57905148192379 1.16272405454291 -8.31826372775214 -1.88276401168613
-4.19362747384958 -10.2569687364534 -1.08220217920021 -5.01520977709207 6.51224347058168 -5.89300706200701 0.948984676013071 5.86284725458309 -7.71105067509793 -2.03665403031634
4.42370018871313 4.92092367037949 5.50495905283767 -5.8437362318411 -8.76105360088231 0.522538014074594 -2.14173069958435 7.96529311667372 -0.564714677982742 -0.730768243036144
-3.42628284631841 6.3705235253118 -4.05280802522319 9.46598467159708 -4.41638594992798 0.665607449166698 2.95189410488332 2.95152515161881 -3.046585309506 2.79882450769022
-4.59186850308232 9.53178152828449 4.25583828045761 7.01288987941377 5.28930742033008 3.12639558861523 14.0832428135049 3.38258002425822 -1.2989799812008 4.43507256671369
-4.36548043581429 -7.86240640534359 1.26118200474655 -6.65238871459289 1.38749837226748 -2.05154695701032 -1.28469232326125 3.29877825938312 -7.39537409274379 4.94420704223102
-3.04245918227351 -2.43582158640362 -0.328556107426678 -13.9605450637622 1.90234093755893 -0.439583350815002 0.758224551764441 -16.7030102153651 0.285110331645968 -2.64782881414263
2.22554318649046 -2.2507441121303 -8.75644359941879 -8.27268291413514 5.15935736561893 -3.09077514529755 2.8748314980202 -9.96745162076617 -4.28331545733219 -3.21313262042447
5.28734663164424 6.42806810416499 -3.84059699542935 1.82774912785388 0.98354553294843 11.9003829213738 -1.17044829918453 -0.0434282275360087 2.74483745927935 -2.09660323013161
1.39036722284698 -3.29305515752205 -8.21346927293185 3.77702909239508 -2.93871569067943 8.39986383532473 0.801368030076878 -1.92072303928559 -1.99434071523868 -4.49733865017462
-4.57905901089723 -13.3302702400539 -7.48762635869044 3.08881796198008 2.56262808904817 1.8551722618319 3.62633391820068 -0.854957105483686 -7.31463643042999 -9.24758567033263
0.834529060536384 3.79965258799269 -7.42615431337952 -1.74377336397116 0.941612768379187 -1.45049314398324 5.06429768402809 0.0322435245771222 -1.48069627995417 0.869827947010044
4.30569027330285 5.29452761504032 2.35124333889549 4.40477215906591 -2.47393420408975 2.40029644391114 0.139068453455394 -2.15725335451951 2.36279440907998 8.05173391706639
-6.20703557502851 1.91664253228111 -2.55023137483695 -4.07772474126458 -0.976037970654802 7.83495538547119 0.124843985226558 -8.8268836064407 -7.48043136294532 -6.39951576246424
-4.13325695816796 -11.781450620913 -2.97567064417995 -7.9195582513109 10.7296331079632 -5.72941101613153 -0.731806846896283 -2.8717891788078 -6.0748442062029 -4.03211302036609
-2.39396723314211 -1.7991576477763 2.66081609713362 0.903652325555048 -11.0536619675954 7.41018685024428 -4.56167052187749 4.33159528251919 3.8513924451067 -1.24831314823239
3.49632970239805 14.5599428436691 -0.784559994438847 -2.28689890521507 -5.79152575825333 10.5429882149266 1.08719352519612 5.98965389964173 2.34910893884611 1.4898849370106
-6.9084230045375 -4.76775434677653 -1.83271162136006 1.40804439636962 7.91260784879624 -5.25966877275328 -4.6402740358813 -14.9308098392776 -11.4590012156141 -5.73512819315541
9.90963229600996 0.86228664925358 -1.89941620180695 2.35669748215342 -4.17335787688709 -5.48780371016853 13.1485070174097 -0.00973592685076685 3.51361952511222 3.07664845781612
-7.75422310871588 2.28924498126335 -3.09013439190712 -1.06163837910172 -4.06143843551147 9.11488555087587 2.39197097914523 -1.34070230075694 6.60269944543697 1.35703570327231
-1.73427150950926 4.34572660355138 5.73823663749283 7.57238336259024 -1.91487124661815 0.854357867021024 2.70805033175899 -4.19799534305483 15.8494792308857 3.72564331826104
0.693308449616866 0.936492386899012 -13.4779300932143 -7.80483032436323 5.00780341121539 -3.57158013125323 -4.69379058214599 9.39110548912673 -4.13094618361919 -9.14736748946949
-1.43895227240804 2.81039088434003 11.4737776368504 -3.36876374224516 3.06702069191646 4.96447709517155 -4.29949341008904 0.803349866159569 3.71612720460188 5.60873037490652
-0.650719758512539 6.83683685156662 -4.35183411400959 -3.07872625722731 -3.7339056562709 -4.90666185173152 1.00278740779626 -6.55806300908675 -10.8185192695728 -11.264222861394
1.68086090968331 4.23266910455906 -1.36357087633991 9.05205323609027 -5.05058745982069 -0.787572208609786 2.50926824199378 8.9343807311543 2.03938120662155 3.03791127427851
-0.104016389267287 4.29875290546127 5.52364209385137 -0.777751810219849 1.66337767579641 0.175464126307507 -5.00169392892934 -5.47085055355632 0.894929621633307 7.13550889114785
3.01927153618175 5.24138490004483 10.0689082118977 4.75697730051058 -3.73235977447801 7.66671621541261 3.51270132390431 -2.62959454647924 -1.52641829427471 10.9896230857249
-0.592344732639436 0.804768187586512 -3.18008394637597 2.93997498374196 3.97207873275117 -2.03448551523279 -3.16685977297086 -0.550265712533218 0.479161284673739 -0.345643595154749
-2.89945960826695 1.83069592461277 -1.71289699276651 0.663148041234721 -2.77722510508011 -3.80225204562933 4.07130993947534 1.29904298105082 8.15498267240761 -4.04975312348012
3.60076530359368 -0.370199143509181 -0.098756224817639 5.5624696451503 -13.8977099017065 4.44972572446008 8.35812145943989 4.59413366767784 4.26131190867004 -2.46768169256765
1.14735849919242 1.12171706304621 -0.505368641510391 2.97146114298471 4.1430436235903 8.20521523190746 12.1786999274171 -6.7297690405535 -0.174663685927612 1.95306431895794
-4.02765727866401 -6.88480054951355 -1.69944830293748 -6.17147887249755 -8.44203625862851 -2.13138827509212 -8.89336074940688 1.41775058282622 -2.06640918148883 0.865684390057305
11.5218824638623 5.80913845002365 -8.83174942889472 -10.7474451615028 8.02477046870795 -7.44672533024895 5.53242289999313 -4.40851390126171 -3.03172257108493 8.34331030032594
4.58955926705277 -3.12712793745774 -13.0062678634291 -5.90930939330795 -4.24206081165238 -2.07362370026086 5.45547264281729 9.69048741062019 -6.50547187086859 -7.06596583922262
4.97673658844668 -8.17518713321487 -0.912251480757525 -1.73028777824872 -3.46394354341323 -8.74465176183806 3.23558454593793 1.085319780203 -5.54307785989726 3.02379161187209
-3.10194478422054 0.638559282208947 -0.442321602217743 3.07870661606343 -4.08362181462845 9.2583432366623 5.48704633270409 0.706638533351315 -0.702855934156113 7.40797037026903
-5.11203000040213 2.9645774177519 -10.8622794000682 1.46363960030962 -8.869975894325 2.33608953813862 -1.64501707956943 -5.22783860177324 5.37992232000181 -4.09411660009392
2.29076494731645 -4.70814423855367 0.970820895216485 2.72815174138088 4.89797515441771 -1.30041074025766 -0.245203208502342 -0.644946794039618 -5.01073616599999 -3.93439469889647
2.20297955297523 2.33713236956675 1.59658076430634 6.3634063458163 7.06275303042272 -7.49396016164982 -2.67954547734377 1.90965192082004 -3.95292272459856 1.38465497808936
-1.66818395992452 -1.97633014444106 -7.13521967385019 -1.7469355491117 3.84735660862468 -8.06707526090657 -10.1321654093323 0.854320972407678 -3.58013329602431 -1.18848193264112
-11.1407515591742 1.90797245112049 -4.26409767038695 -6.03999867831811 6.86070025623848 -2.07381955531696 2.46487155365516 -4.87066873650346 1.21182323273943 0.33790099406823
0.845053873476725 -9.72859957304706 1.88189628544177 -8.13596575308137 6.27277333506426 4.99123765800159 -1.97665091173425 1.39775496188061 -3.08883262194708 -1.78756854951012
-1.70906011440713 7.46270225434922 5.29464685969211 1.83393318112198 -2.81804718012235 2.23555422447519 6.01927912617238 15.2817398631065 -3.41152969717418 6.23423241251209
0.268392474902351 -2.10206711568422 -1.22001691240096 -4.83172575431554 2.60282807878245 -5.01785887443903 2.32916279452151 -5.01528962590811 -4.67602317665151 10.9875190889655
-7.0433279856388 -7.6540340589341 4.59594501549269 3.2337269242349 6.14137650179537 1.00359228796058 -0.693625136796923 4.13572599318154 -13.4379449852045 4.48518254292792
-3.92854556378801 5.7173952630586 13.1108304413239 -3.46579537730639 -2.34310171054714 7.2026110143823 2.04540513497573 -3.43831765828325 11.0585789280378 4.03280970923027
4.90200341371973 -2.43274545619132 -1.96159671458071 2.877319130462 -6.5712542553695 3.06513341918164 -7.28250508788304 4.56546592339048 1.66031873384668 -2.40099462833959
-5.97364856580247 -8.11787003296659 -0.191562897433756 1.91938985201677 1.93880633775903 -1.84431765260069 1.24763805580427 1.49045505549598 -7.39584317971443 -7.09711041517805
-3.25269059121106 1.41979088377759 0.626150023392189 5.84012884025303 2.57900686008162 1.32587956843718 9.68952603431155 -7.40569577963907 2.95254859073329 12.7831542909915
6.81809313568467 4.71929146275238 5.27964330111263 -3.57052739409652 -5.14290397964791 1.33316538175613 2.82894578284845 -2.25964031548928 1.67571699655438 3.1002923287794
-2.23245000890384 -5.5551986665152 6.79869103389762 6.56033591149999 -6.03427132171392 -2.96463809760689 2.97190943548617 11.4132832916428 -0.550908953626312 5.47189781761001
-10.9911560111002 -3.70604271810465 1.79464295010279 -10.7890165657522 -0.192390784055225 -14.0790433224805 -0.590497947298666 -1.81214292541005 -3.38111000020414 4.0009420687397
-3.32306934674496 6.86615599118896 3.2256645393643 -1.62618543463865 0.917072041169034 4.64833074723981 -3.74535569286502 2.79904086493774 3.27210276973508 5.65292526929195
2.3584799169969 7.32918137599634 5.5393920272655 -14.539487368316 -2.60768149381966 -11.2549250641783 -0.255485834251311 0.495252762015257 -5.09806238609993 -9.8010666146835
-2.87978121667588 -2.75404003843534 3.45785212744045 0.708387601567705 -3.07374576587869 3.82141053049304 -0.853939332902835 -0.799823893470878 3.09224845834396 9.42305308906063
0.0955821408238477 -3.75367387382749 -9.79924578452413 -4.24089629812971 3.66205800336013 -0.647947938917978 -0.494106346984749 -3.97164510645451 -0.481866294898625 4.56897529433943
-3.90143715279392 -2.93504468611482 -2.80098614372447 -6.29440779363163 -1.05633165592452 -2.58001675951814 6.47665805015271 -4.28382701022518 -1.49725099490402 -11.7814667478916
6.43566542153313 -3.00311022991931 -1.67826167821747 -8.44650588529277 -3.43878085315569 8.88172263462135 10.5543774708434 2.95808851459192 2.65749957083291 10.8201609240359
2.21635434597223 3.14615412284325 5.47494539659265 -1.16506286732679 1.89990171915902 -1.50804030759212 4.32048553309709 -1.69625653464371 5.76486935338256 8.5685807039333
-5.80993273967435 5.48659457906455 -2.30330188828701 -6.99106414606508 -1.91135904894798 3.98440936587823 -12.686227171168 2.670714075369 -0.912447463144602 1.6998102446061
-0.86547044945359 -1.6260123053244 0.54780743563541 7.49413973303975 0.377372324379074 -7.04220751274163 6.17939119471739 9.92435561153152 4.91821801223574 1.50517061632915
-10.7835339216073 -12.6637122848264 -12.7246747078021 -0.463092548449458 3.48995341489833 -2.3170315902127 -11.9954343041281 -8.89005237470307 3.80219061967453 -5.91189587396367
6.91459030686057 -11.3760452419612 -1.04657193160466 -2.1578424798224 1.18071647453399 -0.967577187782779 -0.466548743683203 5.37447967043361 -0.957023349642197 -5.65514596266062
1.78413383257827 -0.979778329647313 4.64941940003205 8.79811677149924 -1.3225299995366 8.90453274779404 5.19040215022045 -10.4642591078096 7.57063616632546 -5.04258982117775
1.52267476650193 -11.7046961802382 11.5096106979603 8.53281042572543 1.07219096163961 2.30332613798401 -0.581596611448545 1.15448806387728 -3.09105098291962 6.18594319397823
1.89820169010218 4.96987287023623 -6.30198105077908 4.30960025829202 6.6741582466394 -3.49362884634983 8.46013590051889 -0.295460998003191 7.45996515375278 0.762194096460249
-13.0071409449318 -6.47766111275632 -7.5656061079011 7.78919484679616 3.14877388334199 -2.3400038497456 -0.891995479237021 -5.78639306228676 -6.61221271617757 -7.21694902041986
-2.89237444955847 3.1588843206138 -11.8038422704828 -0.0400560843826598 2.63274821055232 -6.14199096928321 2.82787406679141 -6.59425349458928 -8.68618469273346 7.38246757022986
8.05826910639952 -0.0525933195857349 -0.653026808787641 1.58042793972306 -0.116553145484975 -7.84793229643868 -3.25406177343063 -2.48339294738024 -2.09017405320162 5.93139582583641
-0.225811935401241 -1.37332012105167 0.783087368443936 -7.80068881760656 11.6903850563803 -4.50479701108125 -2.31860328850122 3.83138274386352 5.02428593070998 -0.977360339857486
-0.363926817165227 1.90904926674869 7.92603111476848 14.9723111070389 -8.26303217669045 -6.59168006614837 2.6088379112323 8.44219890507199 -4.22659382216676 -1.33549633597593
-3.35190241296407 2.62761056249686 6.40505431884149 -4.04273545228671 1.04842655861166 -2.93270491066925 -12.6541183823436 7.58765931387245 -12.8940198423407 -5.00179686283723
-2.03786896121914 1.90191947078497 -3.99883912255886 -6.84783813958872 -7.51190298737345 2.28532704566689 1.78663662755026 -8.54241974488128 -3.40480178855538 2.25136964529012
-1.05908020132362 2.88668707569507 -1.29260304782197 -4.46418567359189 3.32049314520821 5.06052927021784 2.59763509556501 0.588858902301831 2.01260339243167 1.08905293115603
-3.31758968030684 7.38972848453878 3.17267318431025 3.5252613360186 -2.08714914312046 6.19235776144303 -1.80499875300711 1.44036628861138 3.37831507805258 -9.03215773321842
-7.21340005841138 -1.94462488329722 -6.99254184368132 -0.583658293901507 1.03607151054503 -8.68309919140772 8.04777028479094 4.38847079584226 1.28992778249986 -1.49250434088302
7.64681358592892 9.5362583452224 0.889716117562526 3.01710416755538 -3.4603710030433 0.877957751029859 3.40191560946262 -10.0312917199108 3.48688398916062 9.11574576217594
-5.17166246228273 0.678639156379051 -1.52279067568787 -8.17806187185515 3.0580072028493 0.728482953335509 -3.67436135312812 -0.994205620539753 -2.11627518915237 2.81827624486681
4.05466233147203 0.00935709169656951 9.01298340207112 3.03461777457631 -2.62543382684755 7.159944388616 -1.43914888279632 5.45902267491638 1.55862529201746 1.74118908309709
7.72832903982594 -2.53011804095651 -4.84235941198653 -2.35129741689464 -5.90790299387814 -9.70940066706234 -8.93341178755748 -6.46473189965112 -5.9257443497932 0.522870734394701
9.25251699511877 12.2033529685816 -0.314159951631075 1.27592272224647 -1.60237852457531 8.63755561928715 -6.09841390984915 4.11959100260028 4.6464658762349 0.400362616681227
3.66094585094845 -3.04496436075931 0.950941289436064 -4.78718453740515 6.18278420530935 0.491309656493782 -2.37667092365958 0.12044263225688 -2.71433159577126 -3.17418274192331
6.20315045249675 -3.86846988701369 7.10292077573653 -2.55978733097119 5.41130462541699 4.208492417242 1.11083745592539 -0.172032829813612 3.88219656016148 2.75712890020271
-6.93323801391372 0.725267939140149 -5.08003279011081 -2.43795376276389 2.45203997967174 -4.82229690615639 6.76658504197536 7.16593298093891 1.71811547667811 -2.1484888767014
-0.623844837974006 -1.40036957487135 3.43167715724122 2.37659716094404 1.21666806924894 0.827186938646635 3.58134684983735 2.76122331269007 1.83601664043073 1.20382012737458
7.61479848166917 -0.9474100123988 -2.47313322549066 7.54892147159784 1.47932468744492 11.7751041881646 0.231323559167265 -8.75148598232215 5.56912553145497 -2.96517174293861
5.99297836813338 -1.12153288149924 1.93101188365314 -2.34961966934297 3.02719327703465 1.82211950439517 9.04061110307903 -3.9697516989817 -6.9626453648113 5.39306459217465
1.84791495886846 6.41579513650184 -3.5733913207001 7.02112038635047 -0.403403038744343 -4.33442629780503 4.77636537628391 -1.41101730244173 5.94729150851366 1.55576799608974
-4.80841805960286 -7.40473876135797 -1.08990469552032 2.85828146398723 -8.35887934767957 5.20122598992617 2.45038935142566 -0.563845421749037 0.602434297624009 -8.3203805370685
8.56818529920787 -0.00177433754583056 -1.74286548731108 2.843706013239 -1.81017984434867 -1.1288088144137 -1.02535373185565 6.48108815552279 2.8752128197642 8.08283852269372
8.12263294222465 3.13160540212158 -8.6497817610179 -6.47447552189534 -3.81447333716977 2.27529483650845 -6.3571574732786 -1.41565010046564 -3.89211856471257 -8.57505747577967
-3.99135788732618 -4.55759941497827 1.88826751057604 7.28942187204668 4.27748797525768 -6.25234330513762 2.98109370893809 2.06463573778236 8.77253971203082 4.60556290239323
-3.85532189385007 -2.90425584458354 5.6673669343655 5.67946551842124 -8.35440244103539 -2.75990624976282 1.75490411704094 -8.26109305264821 5.91803182842002 3.51251659012733
-8.41320805843127 -14.0230552849905 11.6893358794814 3.3302569352867 -3.12457087279027 -10.3517460832289 -0.898525931992579 -4.98335226302191 -0.834929975766654 -1.14977783675973
-0.765140522012655 15.6740760261689 -1.1813239582665 0.421755610732552 1.85736885666478 -7.3191958912055 -0.0355681965689971 2.49628466276509 -5.04465121589926 -7.37195911120518
-4.63904747347428 3.08995502692285 -1.55431269578009 0.744753814790921 -0.397482474848755 -6.90781490009474 6.64157864751363 1.8646566050078 -3.17696521212586 -3.23849101857186
0.439329337321592 -0.183766956271628 9.86995090749712 3.47112078995315 -3.7355772147722 8.51118686198108 4.62501479360786 -0.621872352896299 -0.0132509014509314 9.32975249418745
5.33467128143897 -2.65464128828311 10.7021252860194 2.46206161227692 -1.37088341980965 5.81577168133586 -5.57872087296142 2.10273040108819 1.32630459658679 -5.61066679153748
2.41707972134712 -4.24110676856591 -8.30984827753586 6.95370897155207 -1.76724634559726 -2.48793371748377 -5.91162293903021 0.106329756830453 7.38050825128291 0.397874373140384
-4.75859005105677 -8.84340006345556 -0.999872485754812 -1.21427315297296 0.759463866262283 -0.398847530349121 1.74993131310909 0.376762804028911 -1.38303726632463 -14.7798507795072
-1.95494027240517 5.46220688592108 -5.68207330838887 -2.53003722618313 0.184824719775222 0.0732642003680304 -5.53197874710326 2.85742080003005 5.47348590331207 6.58603094908867
10.1635360501159 6.53935095368076 2.0668936318501 9.27661509752087 -12.9453906186119 -1.70426007380751 0.663578355846958 -3.97405233072745 6.75652281035902 23.0931921991982
-0.822591887650723 -8.72242916633861 -2.42723119204559 -8.5179608463029 5.98325511854054 0.557306235878165 -2.0771941145554 0.625269450773669 -8.03526237051669 1.40209633354517
-1.65088428348235 -4.05225844144598 3.00606500092899 -10.6925975832334 -2.08738990541238 -7.36743647577924 -6.4577354044006 9.50158291972723 -4.26121634989513 -4.56960456534298
-10.9327506011898 -7.4163416970285 6.08013987627466 -5.68166940841721 -4.3509125352758 5.22117029698835 -10.069150298898 3.24704676408057 -10.3073571015927 -2.9773205742241
-8.42661616501999 4.91426995968326 0.848892689829868 -0.747593273881973 1.07526594997977 -5.82407326468876 -6.31438703701761 -11.3326677713683 -3.83131096654168 0.743880566370258
3.98937735194097 8.57712783940411 -1.25542013859017 4.08156932194122 -5.84332704217341 1.51019054900174 5.56720022062993 5.69428113257306 -0.561958223098094 -6.24934203844327
-2.41953339014794 -5.74143330169285 -5.60775099539436 -4.97554033139734 -6.32060583911897 -2.30492352606756 -1.92907793341151 -1.22506339103508 4.00713307541817 2.0169267963344
6.7791373700847 8.02895549584055 5.32776585152196 -3.2471651509102 -3.24279647867959 4.00133240918434 -1.95627536920122 5.34341075526334 -9.72217356636118 -8.70865949914821
4.91636190235899 3.34634459079718 6.92797294083036 -3.74862861884935 -8.20295329219711 11.525412808219 0.478232164903205 -1.0038566166106 -5.42652209220323 -1.41683208720312
0.462740689914038 -1.00146077187651 -2.59560962322987 -9.51455360178544 6.87744949363868 1.74255200024951 -1.13055629854879 2.3813413180546 -6.36323839488629 -4.09391521831546
3.44751137334974 -4.83951324067803 -4.35038260215153 -9.48324967343514 -0.740216200805979 -2.59036221854498 -6.96483108620838 -1.99465944857319 -4.34032045262832 -6.88937964455771
-8.39034465611645 -1.91107420256966 -0.935651611612285 -3.74171908547667 5.06502300659843 2.68665618692159 2.95262846824163 3.41300417837407 5.49083779588166 -1.24875255052598
2.13727969697812 4.55818804661141 0.36765200368963 -9.42591945204784 9.89513317675582 -7.97762026699088 -13.6329531236103 -0.315968035033615 -4.62744520422755 -1.10792376696097
-4.14910433007667 -7.18390281785861 -9.42516184094047 -2.1141634177765 6.23865385863128 -3.42947257929751 -8.6473661950599 -4.72422074550016 -11.5925720215082 -6.94053621221408
3.41172537618313 12.1676770989606 -2.07105091517013 3.17175731201185 -4.90071327873604 4.74824860341205 -1.37980138625518 -8.242572547755 5.45808578341614 10.5400109389217
-10.3738363997585 5.21547113276984 1.64131234762406 2.8048215723915 -1.43189822093001 2.11647448942112 0.817822778230474 4.18970444400461 7.01268235689351 5.07607554852082
1.0623432743387 -1.41018263000735 -13.1555657886168 -9.0329157866058 3.98816138894215 -4.48170190557416 -5.64478142535137 -9.01611225712052 -8.17094097404658 -3.05624895524819
-4.12880391800684 1.23525557546662 -4.14841184038588 -1.41510099216862 -2.63043945378231 -1.27847391593013 -5.8550524704539 -0.185369977806789 -3.80893389130997 5.92632487193753
10.4579807417302 2.28354019655209 -0.987502658525293 3.16263511181568 -15.8471620773503 -2.42074873503232 7.0121646150528 10.7219738253192 3.71046565765994 11.4515355606227
6.12270279121422 0.173110354123541 12.5836764564768 6.94693942075961 -1.11556285772554 1.49387440705691 3.24202375857844 0.0509275243452044 3.37278599209021 1.03206155917997
0.408253309630894 1.73094619495927 0.0282385723014291 2.74325002084396 0.36286390718505 -2.61035833005468 7.30566783704702 9.3901678772154 -0.879149619358329 13.8206056399264
-2.71958459102548 0.404920131680794 10.4455441117731 3.74082559699701 -1.69129866062741 -10.7956221348768 7.03352258242008 0.666374061140937 2.66498288122054 1.35760103163342
-0.902569943049735 4.33621815827715 -2.0953307722956 4.36006222780911 -5.07537916354265 6.14148807633909 -10.5725317530855 0.663353383168314 -8.4023819718185 -7.24962343490277
7.33956680173915 -7.54524656371031 -3.73534834875385 -2.98696369507497 1.32183826850078 3.53718768372443 3.57099475184723 1.3978186707685 -2.20778473844551 2.94302642994708
-0.891468542901121 6.42585877368426 3.64589469224919 -4.03996960761154 0.706256189657757 1.15765550462426 2.58135755878132 -2.40420785613545 8.78870671703565 -0.978443834721718
11.6027227468635 -0.853968655619184 0.0711625393446695 0.648114686966757 -7.27082723775733 9.26777060449863 6.8913898625366 4.55790834500676 9.20030626874425 4.22966102554249
1.75592976542398 -3.8864542150359 -8.13775349987731 -9.32414130320214 -2.65623780763535 0.0631266068267111 -8.31959880561576 5.47737686610069 9.48432083974152 -6.92263085028763
-4.62084158219903 0.212936019013635 -3.47980218527464 0.780780677965778 5.61109433854715 5.26634173477856 1.28957936824067 0.20814225881843 1.06294909601405 -1.35355508282413
-3.07604620371282 -14.88547831024 -7.12250899478438 -4.47105928004363 -5.63047159215138 -4.7040104554602 7.61818414953914 -2.87084445253901 -1.72211084812362 3.40850318256483
-3.23536590472043 3.54026787244459 -1.30480182540223 6.14801715337501 -5.44582506430455 -1.27815904837845 2.88754580027171 -6.01266518465881 -0.829532605372047 -2.26228981571466
-1.72659790757027 -2.51650118532578 -4.66684171704711 -5.97987847060539 5.96255634185243 1.33156934168443 -4.58770166286995 -6.72509433068922 -0.318358074293062 -2.79436723428585
-2.71075974656528 -3.37369620148901 9.01798919863711 3.6653195545353 -4.01554989055078 5.03586678014854 0.228335078753085 4.56433700351247 9.75666558221755 7.65581154655605
-1.14689750958339 -4.44894997979463 5.74605704311081 0.00647873517106556 8.75895330137242 -4.96267065773392 6.19346072532063 8.10088604152628 -6.05515004876555 3.10664029761657
-11.5344027086729 2.49830291788253 -9.29184617169398 -8.29830054389412 4.06664434915289 -2.43250765320983 -2.79334509425314 -7.41423473335382 -1.45435884021257 -5.89462187663882
-6.24202632157134 -2.46817296548006 2.91825600770259 -3.04846015256305 2.16007423299432 -3.15118084108203 -1.77163991408859 -2.52153329309859 0.424124048087371 4.88407393202938
-1.69310046892157 6.70329901710534 -3.72622835431359 0.174400641944581 -6.07516517492444 3.9282931893982 -8.65693540155821 0.405502576509251 1.64785465597595 -13.509638910931
-2.53856718383279 1.74082830066026 7.53219713528196 7.11804471764415 -8.29593464409804 -2.42981649202054 -1.40700409708646 -0.191633274079707 -7.0072248218976 -1.2233956083816
-5.33149718712238 2.48319442571967 -3.3097321353797 1.1126782180962 -3.81377906522434 13.7825896748259 -3.75778568286535 1.2813581281012 -7.25209467989043 6.42395128538914
0.247478654021697 -2.18887103531853 -0.272526378680727 13.1831445431386 -0.488262917928145 -0.232627568962062 -4.05940842948512 6.25139298968525 10.554684808516 -0.645720449013588
-0.111546694046118 -2.27384662061059 2.11794857896532 1.55677559559093 7.41321349028688 -2.97168840374683 -3.11252860720156 1.99240733466754 -4.15188712408363 3.06802024039725
4.26079826832949 4.35451245833094 8.33119518835735 0.965273601906865 -2.47859958196575 8.21927710433375 2.84691897364463 4.4379338542719 10.2656370532497 2.75016032203049
-1.40392522849827 0.822495701464774 4.23303091453174 -0.0728842097491816 -0.0243883334064235 8.46880874200864 4.69524262658593 0.821682389161818 -4.55023345144476 3.19292525162179
11.1938959635729 0.978193345678247 -1.86852971579511 -7.08946135920049 -4.65163128393288 2.04215134947949 11.6221061151998 5.24949468009481 -1.52704401829322 6.73408618033185
3.5595245676692 2.65736587474036 5.75624091998137 -0.410643386721982 2.36795849002477 -4.53815442893222 1.36956524095548 8.84631188228686 7.34010813126036 9.95557774809494
2.47868762247424 -1.85605656987517 -8.10894590781144 -2.51704796278004 -6.24074563104048 7.61680831659714 4.49258337284852 -0.15381694749159 9.04145023556755 9.5135221173135
0.0735633148016515 -4.27327191029636 -4.41738062027404 -3.86840860494179 6.95927265335085 -4.43080935839231 -4.19919376795925 0.199492505922147 -0.53528568419751 -3.09394113226786
-1.43278304772399 3.0225490066882 3.52993067683239 4.62801082828403 -1.63694503920464 -3.92572975182335 5.27992627717305 1.23641387660808 1.70382369485453 -0.554124534040916
7.51407316473708 5.41817711104529 4.62826793749718 4.13105062510534 -13.7220169110691 8.96728865865456 9.63887517906504 6.90481079656402 10.0742133667748 10.8902172510609
2.19446106540294 -4.96084413007096 -5.70397814523566 0.977588036302653 -1.58643070217921 5.94278173936233 6.73480182333912 -6.37242869484999 -4.98819160475468 2.45869422846269
-0.795668640721294 -1.33709798042115 6.70357777934266 3.77741624587075 -2.74512418998452 2.46336643192054 0.988650830970194 -8.18803896451797 -5.45801984053255 -3.52831694577038
-1.66146384704237 -1.69585541202611 -2.83535231702453 -8.38012428269257 1.19410370960085 -4.43069474958702 -5.07483972745767 0.138654843297225 -2.80760048665431 2.57269183033553
6.55974620353042 3.13631106930525 -0.596235943280395 11.1640728750379 -3.11353886930439 -4.90344067557365 -4.92664276151816 -0.780975460131104 -4.96376047840166 -4.28846994537007
-2.13293126808492 2.38216461650032 -1.83619473780974 4.42819707374986 -6.80822534647132 -3.96184220887909 5.23955519333293 -7.32825766624494 -14.4914675568424 10.6289029804438
1.12193748899907 3.94913521252909 13.3016538273906 6.31348441783048 -0.847997436893427 5.57818557220383 4.35352624474747 10.8238494324428 -7.99796627240681 3.33640051930151
4.30985033339766 15.3794271362257 6.34757616596284 2.17012618906569 -4.16805419606165 2.48953931638699 -0.0329555016289076 7.03991481366544 1.80300022241333 3.35284094720921
-2.75577241386157 2.01906146630234 -8.81542766903492 -6.92499259858372 -0.901125843117589 -7.16718259628449 -2.94571560789105 -4.04466482550591 -12.018676859684 -6.10086582596209
-1.52322179093364 2.26836838688226 6.79953551650424 -6.41365624963625 3.78084257573566 17.977682858777 4.61458351348218 4.02452934002958 1.28020758162894 8.99538805599505
5.98394643795499 -4.88750331641333 7.36325028955279 2.36489338377597 -1.28036267178604 9.79499207388091 -2.83492372850007 1.21412569235046 4.51701404760206 -4.11712894256235
2.61519457587126 -3.09439418131787 -2.15372272432849 2.0302654159363 -4.4726485982973 6.52158088063138 0.178787642577415 -1.47713180440132 2.93893557155442 17.8477967548697
0.99324514019507 -3.78759517020458 -7.60334150459636 -0.530256465312853 -3.36794821790457 -0.675726845561225 -7.38822134934907 -1.31520919837607 8.53786297441445 2.24119565961828
4.64433918932813 4.30549363200696 6.59995078009852 2.07106951816049 -6.09859625897214 1.02844131444198 -9.43971528978327 -4.00299811583126 3.95938254020116 -2.53534636730303
-2.89339132961865 -9.36731665857825 1.56498860459801 -2.65157289896469 -3.92474450037517 -5.04051717140494 -0.534726402910968 5.08240657351405 -2.99902002385296 0.359736322138607
-0.370385859484694 -0.662258508012667 5.87775113131128 12.5893156637051 3.24899592591452 4.4781674080184 1.0813138220997 1.96206119283568 7.47560618270949 11.0504313028817
5.73519043927746 4.20772735037937 2.56427700655624 5.08774936288984 1.27408032698471 1.40575819940634 -2.94757419143126 3.30986442683473 -6.87065614800895 0.665151967059825
5.84883012320436 2.88265025708691 3.55511968560066 -6.6177085028674 4.83860414267325 10.1968486044166 7.80304838878864 1.82164348714918 1.98048033558963 2.57096110380397
3.24152291364379 0.0569822630588112 10.0420564059 -4.55469209898189 0.0171891197025955 -8.92088870645939 -9.26132233967519 1.31558361505298 -2.57593075695709 -0.515341611497995
-4.92424558745865 6.35618844334046 9.58545929690349 3.86737691610203 -4.56445260217379 0.906609322226221 16.865703892467 8.17449892825885 -4.37392847250738 5.2259460243896
-8.56529311906336 0.826599373296221 -5.64946927696097 7.42401395169965 -1.64483961675937 4.25316604833539 -6.29115056490565 8.25089791074953 5.7480152808673 -2.04979085265425
6.53113814243768 10.2143452811669 13.110115546052 6.87989884358508 -8.81364420104085 1.9408175898241 4.70933466377218 5.83903661811069 2.84071686415825 -2.86957170919224
6.25235834125196 5.58757821154078 -0.241210807408522 1.13506855384891 0.0418117654536959 -1.61807302119137 8.08412631079763 3.36579565620857 -1.89417487855686 -4.26161998660971
6.79537420436192 2.94606746957486 4.3232171558957 -2.96605685179455 -1.93344125629287 3.58077714687908 -4.90875972738211 0.426344560700385 6.23673789545644 16.6590435752811
2.93972011375357 10.2548885294563 2.55542667862057 4.51768459492988 5.19229002606837 1.35851293058682 10.5636776137728 7.79252093464039 -8.85540682031206 3.8691123481531
5.88311108799109 -5.20242320259045 -6.63898996123266 3.65528059313093 3.79244062814767 -0.538038688388165 -1.18933003168273 -1.25169239290956 -14.5715095958948 -0.857962668148065
2.55250177309395 2.1274053942495 1.54828102516073 -2.80696257239199 1.24331842774042 0.614376689724066 4.26755754970268 4.42569527195002 6.98106070486206 16.0407408429269
-1.29021100625209 0.896735618570153 -2.43231967436352 -2.68004923124267 -0.67446542656743 -4.15068442376085 -4.13923874082813 4.54429901391453 -4.49858746733512 5.22735277236255
1.28161379418542 -0.361539775454409 2.53040551912237 -8.79525566920455 7.37590872854863 -2.40317177538963 8.99823791280232 8.09413416004866 13.2009028017505 5.71047428238687
-0.992990737251712 -2.01926291285399 -0.306972326442928 4.53287071089404 -0.203001386629914 -8.38909434485502 -7.96123117092848 -10.4206291943006 0.788636342341897 -4.77175404114273
1.85182110123698 4.80068864870009 3.96573196992738 6.04717462870864 -3.49914786733598 3.14300207796878 1.24530303733368 7.70073179623762 -4.89506752753088 3.83256447814566
1.30705192136102 13.3836297717011 10.453209376616 -9.70621541843449 -1.66367445626621 -2.32138088476843 2.20940801931861 -3.91349939142719 -0.626673834369297 -2.04434772028694
1.69147184297046 1.26045018179363 -3.35345288439122 -0.777397535103168 0.847703679279861 -4.49872524992471 2.25875191962272 1.25129953457857 -1.93387348917853 5.3925042004652
-3.38589117854684 5.39145661495603 0.0742977347519154 -7.77117876198277 -5.68041192068748 8.90226029462795 6.47182619353103 2.39784250300375 2.83542778597538 4.71687587813484
-1.74502258859551 3.6698487572995 -0.809105877176133 -6.99252641344777 1.80776217090165 -3.09403536190582 -1.69248007850517 5.50787340414263 -4.82007468157515 -0.898069174425415
-5.34778686286613 0.416510507802297 -4.37367306405377 10.0834277912509 5.23876332685387 2.73945301495412 2.51535952243769 4.86329951184114 0.480853004411916 -11.5752675859262
3.49441356583603 4.22627318477365 2.15729255159245 1.75914758796752 2.75621793802089 -1.58693542344706 0.854063243632508 4.89625632138251 2.25201105040004 -6.76903725106887
-3.10762810527959 -1.06375543274453 -6.152354982973 -5.82428070737319 -2.31847511691729 2.96936999873466 -0.188415393204333 5.29314050836714 -11.7071922262483 -5.6761719768497
0.0416467860263505 1.58305142520654 10.8851037410674 0.390962736512076 -4.245984045454 -4.96925268931356 -2.85622691919366 2.19937835945374 5.35376052005317 -1.04488255410674
-3.67163416129658 -4.46708325228409 -4.27620009448936 1.93931448877124 -0.634263145964876 -4.52076593037204 -8.7707405565086 -0.577592638065263 3.42895539526443 -5.44904734327774
1.50285082413194 4.32199723413211 4.09700196133169 -2.43103148375315 3.79970428257188 -11.5228786746024 -4.95396513784797 -4.31367207536358 -4.14603652917088 -7.97983960199412
-3.7087531661805 -4.42105642587816 -2.55694511431232 -7.00902902642923 4.44850899088362 -2.55797091212216 4.70167636446689 -8.27638460660508 -8.22995775435189 -1.2421206146504
-8.4076949315135 6.04865858638539 -13.6956057365916 1.62025510821752 -1.78848690096979 1.65577993925674 4.71939083154165 5.80996464795831 -1.12261365233538 -7.66843829470837
-4.29999819630381 1.33053062960639 -4.25274624865752 1.90563749981626 -6.08639185809091 -0.760612108442913 -3.68454472804391 8.50383128875108 -3.12175195876581 6.40805891453143
5.39302729929903 4.16109158036003 -0.00314940887942416 14.819093666618 -14.4545794290967 1.63825614724777 4.30529461720828 2.74020644367735 2.19800021209824 6.15139070887519
-9.05116469124567 -0.147845344132241 -5.34272809032015 0.37596588314167 3.08178606347617 -0.871180644643051 2.79219511350663 -9.55370475852835 -3.38178137809809 -5.05199522978943
1.0796562336014 1.99733045520831 -5.70393660118194 -0.177483043190976 7.61633765089044 2.78095872243503 3.68460517271169 -1.40690523464259 -7.58467561632412 -8.53628015529551
9.34296014341599 9.82153833088056 1.25670226801575 3.2464181454774 -8.50682790309452 -1.70873620011302 8.74240622159746 2.82905598602748 10.5444531023847 -1.29612154819161
-3.96186162023864 5.51295693154705 3.59835649785924 -0.0078752198128762 -10.0834190117284 -3.66985265446927 3.49717728332246 4.86365291010745 -1.04625097130043 9.01095116863365
1.14784452261923 -6.62798551876251 -4.89115133779018 -10.3161850207902 -6.18093274453424 -1.2955404762312 5.37816392381539 -2.37917903645347 1.35072956651728 -10.0807800817362
0.0819759438382812 -7.31351193233215 -8.69031412399638 5.20847147961535 0.282386005931178 -9.36319548025667 -7.86425703432123 2.73053698829871 -6.83227454715055 3.6114139277121
-5.694767808031 -8.18008085654441 14.8720823945106 -3.43342938627563 -0.228614582496042 -11.9712892774825 -6.22029487149099 -13.0206212712669 2.68201677511878 -3.7247863859485
-0.00110479821989531 4.46641429359907 4.58995578269099 4.8797709709218 -2.01721843739151 -7.69266677998436 -7.15540686194894 -7.10150922423802 -1.16085965117444 3.82281056677839
1.34053664154842 -2.82214265128298 -3.49465265002892 -3.83047261713361 1.30752476909987 -4.66861177796029 5.77984866778892 4.717682468784 5.32053333952169 7.85722050925499
-6.48281807522136 -8.59311347833207 -5.63874459403076 0.462472190333171 7.59677466535967 1.96612030504197 -5.604097938547 -4.49685770508625 -13.7998727128758 1.82851819013964
5.69390701353827 -4.26900286361323 -5.97387651020326 -0.898419075002373 -5.27010040619833 1.33615191215445 11.3301055387794 9.36673841597184 7.95178969978971 8.69651174825237
-3.56858262687512 3.41567872348665 7.56460791694418 -9.015781268766 -12.0645814653146 0.731402613814585 2.1022029256258 2.59867783400879 8.63908832862285 8.67037757504468
4.94376058299702 5.95829508099189 -5.35135901742053 -0.601192943671125 1.44792860577483 -1.04597333053037 -1.80840449740339 6.12761797496703 -0.339665801070133 -1.39900370794559
-1.80498315199739 7.26487051963489 -4.85370654095154 5.11464134741736 -2.38546260925989 -2.88320723013449 -5.2165706750228 7.79279596906676 -1.222925805958 3.01794214320829
7.12946880478645 4.21563337397142 7.9512402097298 8.13790480079848 3.48534380768109 15.1616178194134 1.39839434603793 -0.239593703587245 0.838223266412055 1.53694117267962
-2.13035091967919 -4.50714672125716 17.1006568632485 2.8141872416058 -4.2655380710936 7.84082322986582 7.52298448811438 5.24546842548462 6.20822617600671 2.96416193266471
1.15688159391409 -2.0249743324441 -4.94371727096645 16.3018061723596 0.505815323315895 2.7527506537375 7.27214393999965 3.2802693608538 3.7503593646497 -1.20241624393773
-5.48167084450346 -4.44304651934499 4.80340826296625 -12.3543737897671 -5.94305293255162 -4.03303666524379 -3.91159692512398 -9.10297897602472 0.081071040324574 -10.6610356174149
7.98900491348417 -3.14710967128662 11.5156968228166 -1.29967342983005 -2.92822957453784 5.44285122690544 2.41769588755578 -1.89047556343595 3.40503703477793 2.97983553483241
-6.29965159478703 -3.43813532254657 2.52886355727678 -12.0821431350686 8.35286355008017 -2.47510566079052 0.734137336361724 0.236035388498603 -0.932833963041589 -8.31813775328522
-5.38561458872267 0.817404104581492 -0.388302154207769 -6.53112781792988 -0.682020299211255 -2.4968796792036 4.50119925476993 -9.00269245607903 -8.31121065923751 1.24488006795789
5.65123253541005 2.15737818325273 -0.831491003641089 2.67084835658452 4.21073189947132 -4.15198489699703 -2.04971859740969 11.2655011284091 2.66702278338802 3.59045396279422
2.96992148289581 -6.04077576893991 -3.06582648934072 -2.56574318246139 -3.08536285010908 -2.71162633086722 -2.89171563943543 -4.50402550612576 1.74742685799287 -8.0491481784109
-0.895978441470242 -3.05422642428115 -1.384814429303 -2.20832407945906 1.38936692496998 -4.33476118146282 -5.32423546851509 3.37631336190149 0.132353109940675 -1.414373682634
-3.8207696652159 -8.12443771323693 -7.45580779294975 -5.91119964389 4.89134069440666 -8.20382335029939 -8.48871058140383 2.0198363754288 2.19070612658805 -11.4037446701534
-1.65813449760701 -1.04810301762719 1.65414633628352 10.9052045397067 -7.32664949981921 3.39129501727785 0.0406505868651696 1.6650791131226 -4.36024509986605 12.412419166406
-6.18379175430084 3.46605195297352 -6.40461707094313 1.65697087730677 -8.98616724576646 3.26014436694526 5.38597407618413 -3.99742434851973 -6.18728238195373 2.5502139442459
-8.17876936549785 -3.11532340316424 2.68789172429481 -9.2524751562967 3.09614094710841 1.50309883867532 -5.60257999172665 -3.14769420829123 -7.39906178459807 0.535190693489902
-9.15432201039875 0.224447665879341 -2.53808761279534 0.702206160728114 1.05123685821051 -7.55296093000721 3.00618749217179 1.35240803238277 3.9010936129227 -3.8438168690319
6.28245015548125 6.76547583268836 16.4676514339562 -6.25719943847757 -0.465123649584132 5.94120201085479 0.920542037619868 2.87099019849753 7.87670714138965 0.635906099853298
-5.15146341704092 -6.23939753835378 -9.44854626722527 2.75562068458635 -1.45484000838266 -10.9595192641027 5.13871027692323 -4.22117136246956 0.66145716236125 -4.11827170337273
5.53721766661172 7.2619519111194 5.45468889146886 1.31883141819374 7.42135147856751 3.554039728746 13.016359858281 -6.24351542846228 4.02064921424652 1.70814750344846
-0.946616258383031 -2.49755876323062 1.66951555208961 -5.33713163866951 -5.41173006365271 5.46375084526554 -0.466367850568057 -5.62271467395856 -14.0109091453023 -6.96235920370809
5.82036171333359 -6.36962873000269 7.50350030811257 -4.56072701035015 2.39520395243463 -5.19425198289361 -4.73434024185577 -5.11184114914906 -6.05831035380878 -2.59462247082493
-1.29303605459836 8.76413369036645 2.17426871536665 0.580663439716946 -12.1799634688314 10.8308756646889 -0.768459055404845 5.46991952267574 3.33312983669596 -0.0528853135731411
3.04400858494057 0.292570354569135 6.1944230204141 -0.394752222409823 -6.75101535765296 -3.15308423012455 11.4915290488614 0.428453440539542 3.42809514202812 5.30298740570052
0.855601378139541 -5.71203832906546 3.23230252232312 -10.8735406611971 2.39443071044438 -9.93454859807714 -5.26801105962246 1.43955010024384 -12.009513072308 -8.37755300558963
2.32879480583019 -0.937426282847235 5.64455017996177 1.41404062324085 -3.37109873961284 -4.56638003891955 0.214875938353111 0.425532485739226 -0.857072668607046 -4.21796437409986
1.52248466127863 2.6692304171671 -4.74453142306347 -1.89009129872359 0.617652986860786 -6.75847252235363 4.31664054425124 11.5749075304055 -1.2588006682885 5.90430268942434
-10.0910910566548 3.57628561049717 9.24527559915778 -6.06739528815232 3.73949582268908 -0.881294075007317 -2.82981005941022 5.95089071488413 0.461716937675454 -2.61960924658538
-0.0979746652391702 6.68771662329092 -6.0208395910931 -4.18199948684231 -3.71231990411722 -5.80305992821572 5.60115877071239 5.23015285176425 8.25113788368154 5.19934130823599
-0.773399307433437 -0.75272288663005 8.45920314891624 16.021676667364 -3.93020909563113 1.05196408906316 -0.526791447875223 3.47503085363331 5.9693091379297 7.52288105813284
4.35640064483465 1.88981914928073 16.9190399793814 10.3803077767867 -6.04290658514688 5.43300708979796 8.21796329861771 -7.34228783756218 6.17785940229055 0.810218280725964
0.871168126703109 9.4995870360997 -0.460782293686011 6.89428417962945 -5.24713336772156 -4.49587949670335 4.27415945826482 8.90136700543186 1.09812353996885 2.67713133489867
5.82598408183283 4.54461338636119 -7.62968851777241 -10.2550378423824 5.32806331083038 -3.62585826953857 -6.62705157673475 1.66601953105193 -5.58460556730277 -6.43218976210048
-7.88041031280543 0.532207321469796 -0.693444490694921 -3.06441067177182 5.37592369128808 -4.12868009142399 1.29173759200685 -10.0359655726292 -7.74570243125108 -1.45226507994037
2.31444292565463 2.82046786092771 -0.274289096238965 -1.40109122788692 -5.74623477827712 10.9121243172279 7.1060996362655 -4.98109614435053 3.11841247690137 -5.94084918923608
7.94788309096997 -0.51784748978019 3.55224525066385 -7.81226488142661 -6.45375862114699 3.14292096441028 10.8460841996045 6.34553262276399 -4.09137425094188 -5.14321255501811
-1.07417565995351 -5.19750420313228 1.24719786223642 -0.303019991856706 -4.014666422221 -1.03672753362681 -4.39046304518501 8.67649471722435 2.74868862696469 1.39694130137339
-0.288645385073242 8.07875013258594 -0.461525682324117 5.18576514107884 -5.72761965179712 4.67886161452009 4.89917669827231 0.811249349405834 -0.438913936605679 5.48918766819358
5.51710415141859 3.3202420678512 5.37392682571421 -3.64448327639741 5.20924196192903 6.1107402742603 0.0339185029328024 8.12752160927568 -5.45887083120715 5.38733880923926
1.54895722807021 -0.822646494595278 -1.91419959847506 -1.49930239261782 -0.68686012083227 -1.92665954949317 0.509915745109522 2.10857521073798 4.22384570203527 -1.46881442568589
-2.5303279137095 -2.51696835400949 1.76590744013366 2.15280417365835 8.40602054500076 2.44503831374341 -10.1470706443246 -6.11632471029528 -6.32557515424064 -0.927619879632076
3.9852371508527 -2.09340831650584 -6.70184855768861 7.36238017233286 2.43978569291702 -12.1758408322921 5.8683828647389 6.95653501506313 -6.18441820306427 -6.01734017341761
-0.382779068384823 5.35402741739 -5.24405447146247 -6.7573114636291 -6.8298232444501 -8.33199831908583 0.0915457805690887 -5.95934180742062 -7.76589436948195 3.70417579959163
1.53138879674904 -5.14958394072765 4.83430320415468 -8.09809198394755 2.88870887927547 -4.38696854974193 -7.831662759803 -4.23750284327671 -1.98794770298548 -4.10158095449258
-3.85026778372263 4.99103641801419 4.28748189530721 -4.37688145580716 1.55178949924315 3.50126417820077 -7.55378854533339 0.556804668265016 -1.9364915271832 -3.17410405116069
-3.49067136392654 -1.43955518957541 -6.55668823249139 6.68422226654538 7.71117040729273 0.368123525161595 -9.02426289471079 -12.6599308542018 -16.9306759383185 1.282960708819
11.8764207303324 -1.6557109627746 3.15628094380679 -2.41725723442238 -1.59471764327433 9.072529930359 6.66591875185091 -0.868409752525178 2.21473508430223 2.69882818620001
-3.93913302448971 5.27912753403876 -5.14256630542216 -8.51903076474949 3.6944557343256 -5.47142226257876 -1.53781824229175 -2.79529455153405 -7.35548944458326 -2.78754844688073
-0.0596229718428922 0.209537280687334 -0.430799115496959 -1.12412288607963 2.96127970549015 -2.87171411974548 -11.6428347806535 0.379881306858747 -4.75914370569047 6.23013970486544
4.03853900742105 -2.41238652748849 4.30293610100296 2.01558441908572 0.156359697306598 -0.944354146914339 6.59003976870484 -2.59952160255862 1.73184716201364 2.78357675614587
-1.87280344261829 -4.10093886727805 -20.0532206283484 -12.8883065347551 0.0385728135512 7.74386709399172 -9.25678358735876 -2.02907371660281 -2.41562033074294 -4.68393379324559
3.34218023854695 4.79067895408227 -8.62057721601976 -6.1565617476235 -3.57768413299884 -0.548541990755091 0.819949505442333 -1.662342390975 -0.147845556421139 4.10721625091079
4.06589748156648 13.7790415922877 -0.644836291042248 4.42246725262736 -0.198720069167232 2.73768362897673 11.405611162934 -2.01632573746264 9.405261147788 6.68299056612917
-3.39601575489425 2.66542120875473 0.900292802047858 -7.64903495933792 1.37628740862541 -3.40587172305313 3.73752676033016 -6.46088016104216 -10.8921435920097 -2.12703657058656
-1.77682914727024 8.86397457126264 1.40435137026595 -4.28824959413691 8.91541059229788 -0.371623096965203 1.92609623720299 10.2430533212584 -7.7850839727054 -4.31098443359456
1.50543425369581 3.83481938794798 -6.20366253052863 -4.2398814253252 3.33202344721459 1.54363139069452 -5.40668942070893 -7.94103465774244 -5.91449728066399 3.3856250887323
6.84009149585443 4.95386122166228 4.74219195562745 -0.0507318273989643 -4.50950635734253 -4.02333027603345 5.5150561890047 -2.24480274181922 5.2368843781271 -4.28792332179856
-0.821884782432992 -4.93070469573032 -0.43254001687701 -5.74811845087405 -7.75642725613335 -9.06790026205061 -1.19145020924962 -4.25694993006877 2.12285741869965 -12.3864342545124
6.39516727503029 6.87332991129155 -2.48943027885416 9.14667013901931 -0.540062949021577 -3.55078367210579 11.2050497412634 11.0991432594109 -0.669893305603367 5.12037927918746
-2.58673964048657 -2.15475542493367 -0.0261948109568569 -1.35381938806293 2.47479558578419 1.7217650641426 -1.02718782821501 -3.36926891527795 -8.52578130104126 15.4323300574439
-1.02843786464356 2.51620566673915 -3.95986544892403 -4.18982325843431 1.64635200002423 -8.35006222861821 -6.37661877149117 -4.95397128847016 -10.022095613059 -0.483386599316783
-0.461970038180114 10.0033888571429 4.27976181253412 -2.95971624378373 -4.15655402893068 0.823519789506651 -2.19233827305796 5.5208034328499 -1.10189367949626 7.09252188442972
-7.26293360776452 -3.07765949445903 -9.91854257765327 -5.6065139473434 5.4705902918521 -7.39102817861477 -4.12844156966559 -4.38359508040203 4.60564433602837 -3.41894705876702
0.595372697143905 -2.86101417954127 -2.86282861410989 -0.0923657042112076 8.33443924280357 -1.8349897461535 -6.62214301665975 1.33098132426778 -4.75396624030403 -2.1865186202795
-2.34531254369532 0.921974632897339 -6.05400058515835 1.24950478194009 3.91586259851256 2.03353453700206 1.44288659620488 -1.55750283899001 -6.93889805029422 2.80868031077738
-6.04344558661596 2.04351253835177 2.97658319021603 -5.22841400148946 -0.174907719994573 -1.29455711276762 -2.53030261126822 -1.05997552496755 -2.69869676301418 -0.177732958630982
8.60661316384643 -1.23377918696934 -3.96562934196115 -3.07122966423314 0.969612043538034 -5.14300885462189 8.66667971756147 7.06314979069723 3.53776163183334 -5.54457641426049
5.36931089596471 6.36222939392774 0.526808119168564 3.17169434999567 -1.65151271883889 -6.7477379034564 -5.86877195339612 -6.08185321165765 1.88764415933796 -6.43947927437125
-3.04052188397199 1.15544889475113 0.736513583544992 -3.60540711601243 -2.89419342894987 0.700875508845509 5.02186272308476 -4.29820536170938 1.17757274433854 7.06269317600792
-5.33528467771793 13.9705121843269 3.35605409693973 -0.925613529111128 -4.24963016454548 11.7049562828984 4.19056628212201 11.2614137855504 -0.773718432795035 2.29850542729955
3.25473533058195 4.96895144506284 -2.15338591309729 3.13485090975947 -7.58668601645412 8.68145829889817 9.34461613797805 2.91459299782586 11.0665116578821 14.0092015917658
-2.04349658931896 8.48905760873371 5.74136248270238 3.60764609966055 -1.63503420883727 6.23017264277475 -10.9903668198589 -10.1927677715699 -7.74999406158438 1.04072009931477
-3.53952972290032 4.09806091467932 -8.45882036344145 5.84925111009502 -4.23336277877896 10.5698657011643 3.48908857124419 5.23517833094575 -2.86905560716687 13.0000305971088
5.56563366006786 -3.3839745974234 -1.38387528204903 -11.9308843506244 4.48325707038458 -7.33897768860788 0.341085736427239 -5.20870381800695 -6.1218475303886 -5.71652315429247
-6.72159320954873 -1.84002429440004 -3.30632397693557 7.14576118485341 2.17292144813721 2.19940065633765 3.38462027026775 4.27776659650994 -1.44371523318348 0.52313981931987
-7.2834435591797 -8.82211436854817 -4.81605403693691 -7.10080095657601 4.786212700575 -6.16599483486867 -8.8061177977172 -10.6462794467913 -5.24290699327699 -0.398524820341517
1.02620797191351 -1.40917339647171 -2.68772830598151 0.655802252484616 -5.70457120448673 6.26075015528126 3.81590749759629 0.892937867396931 -3.18326314672671 2.98170476157688
4.73873103876091 -2.55577980995604 1.10263109518152 0.386020102737694 -5.2965754399726 10.3649397728095 6.57909877303594 4.58552162330267 3.19582980923687 13.9631975719953
-14.2565211909945 8.62241353480333 3.94918998987301 -2.04247564166677 2.05533545911874 10.0342425029194 4.82151327127432 -3.48217217189908 -0.745823024407094 2.51237183760275
0.146150460318106 3.81635536368434 0.24342265989095 6.34479157487903 6.30551802075716 -7.23853491126996 -4.85085480200602 -7.65686209519575 -2.63585109361971 -6.58688459987303
-5.59979349090058 9.29055460014412 3.36584131011971 4.22825314581806 -3.36469300640583 7.31210237106428 5.66944862219858 3.20624975910333 3.33878515143104 7.05065347960903
2.00669948160939 8.4591475574181 -6.15632194638987 -7.05558509517352 4.40261432431987 11.5791041440197 -9.56785781701718 -5.29131828374137 -12.7747226956009 -3.24734405470398
7.47666194733189 4.12639174194749 3.45995608956085 5.4572209260183 -6.84611964756744 1.67996240803223 9.50265754490226 10.0101877931823 6.90140413787164 11.7240737506145
2.12429024802405 -2.88514810222232 9.08756461496601 3.21476406020715 4.36729774328703 4.21268846521551 1.12127501687678 -5.89179992675683 -4.50422829611245 -4.67956491108207
0.444330715574078 -5.95579935705544 -3.15764789214056 4.26711349924453 -0.598945822944028 -7.23012497697021 -4.28974601755602 0.769338098956962 1.96409416797103 -8.53012648367389
3.37586454539468 1.20984731437306 -5.49079541829101 -12.3053464076528 -8.32552707173465 -18.2803470754152 -4.30072505553509 -2.62194397595498 -4.30450076566344 -3.19988087473891
-7.36961123343987 2.37957632707562 -5.58168190816656 -3.96550719714335 1.06739450483704 -8.53069139359614 -10.3578990580888 -9.89468073163839 -5.66773809246064 -7.84586866133262
-4.33210282996473 3.02217669426317 -5.39395280812795 2.50194759115127 0.50280177383508 9.99474559934209 4.90537785795907 1.67718830515518 6.63966468222068 -1.47213903911178
1.70653456179714 -12.4266118431958 -3.32076821142118 1.99976447720966 -5.8081536647045 8.75956018985966 14.5828907371111 2.64454591643386 2.43676202988322 7.54445064653217
-5.82417462501675 -7.00565668316031 -1.26438359495269 0.179564611317828 8.58643226484333 0.488221715818407 -1.28429169419282 -3.1365284668611 -0.762996659637616 -6.10527535280852
-4.19225250267114 2.55944720591897 -7.61991954843196 8.85214446756789 1.58207984071206 -6.27697217733582 2.521960900083 -1.8550808443249 -11.0853374929207 -1.8198557353848
0.668436802925739 10.1693812675902 11.1637385770156 3.07849437862914 -3.69898864444693 -0.365224488983855 1.08133146632521 5.27575915702346 -0.657912414258898 3.06888574767374
-5.72565134146858 -0.27865175830928 5.93160026580539 1.90541967045714 -8.26715978955627 -1.55213953119313 13.9383578851575 8.17888791313497 7.39781684770676 -2.25899752040989
3.69844766299006 6.40037308026019 -2.95345850618915 -7.81607900931912 -5.16203137521213 -12.048564201455 -9.94960814195291 1.88631382557531 5.24499221766242 -12.9931796616974
5.63128190431842 5.43568201926137 -0.375100988625082 -5.35822653688773 -2.39728732324524 5.74571528086629 -2.78481867768162 7.1416223743819 -1.97525800108874 0.801397304625807
0.531029435192625 1.76023072956138 2.15511335523014 3.07091883033481 -1.26879394888539 5.89181755550912 3.75610010902072 5.33667915806183 -4.89910258639323 -2.14654086609566
-3.41513409540754 2.91788497849341 1.64563432302057 -3.65445185999821 5.69185575645241 11.5814706570969 4.48108820821652 -0.946573595132382 0.715649882904979 -6.02367242650664
-1.86104372693819 -2.79194888745061 -5.79935917840637 -12.3202078582702 10.8975094194945 -14.5025358997555 -3.12489592096252 -5.66653915877433 0.634034992406346 -9.0336883767481
-2.55280392518284 -1.53231695828809 6.9846850607265 0.573657749323853 -5.58541403829704 0.562907138871487 -2.9547629752997 -2.50589285214605 -10.2157370621214 1.59445907430366
4.58249231439224 -1.86309373971926 -0.417096628749703 5.16193186931445 3.72033883479926 -8.22898562617864 -9.19556723219058 -3.01164582708991 -3.07407951552827 9.40682829505263
-0.688015482042351 -1.67263242294033 1.70210636870845 -6.03408352341116 -3.13395003430433 2.66822170679305 1.8143768395973 7.07663012369629 -1.12056600222344 -6.41800274612344
1.79085895886752 -4.36969358384938 -1.26793660096282 -9.25177381664525 1.72744895192581 2.35799864748307 -1.49945547548714 -3.46075482912028 -8.23144527313361 -13.27973759562
6.0485657076906 -0.278237708838113 0.048361158655351 5.17231300020743 -1.27857842016641 0.2832963913722 -3.6611867628322 9.88898917425231 -6.18214601284143 1.79297311544827
-1.84620034401166 7.67390768697264 4.33534557656623 -4.56497949548708 -5.12474396717233 -3.45706151710199 -8.04937584310074 -5.16023562925619 -2.99351234701337 6.45075016233902
-11.4848516890847 -6.6767553129837 -7.4419496246051 -1.89154681495697 2.13886395432583 4.78868801118129 -6.11460094245725 -5.09635117295731 -12.9899774684563 -1.46254903940215
1.05370430201872 5.27527383863541 -1.52263729721334 13.0404062407072 -4.06119690525247 -1.69103207659161 0.901253005639327 -4.73512383874047 0.0590240868792016 2.23984229707025
0.87597118026786 2.06147428774767 2.32588558809044 -1.86228479285386 1.58987609699271 10.9576870307798 1.78701643940163 0.305474283290613 1.42908470116365 -15.1747302583209
9.19604237683562 3.91264205017556 -2.52259856591039 4.15653761361294 7.13045364674678 -3.22312690606504 7.27969287647565 -1.18186255941994 0.136216947223526 -2.2595443522168
6.582667367173 7.27748454319716 4.69754528030107 9.92182460132525 -4.3335471771365 4.66984390570073 1.56857141170905 9.84114592216186 -2.12335455419868 21.3768358643422
-5.02981665119498 -1.37127186495697 -4.10969973156843 -3.52020177850927 0.00990067206883549 -9.43894600608678 -0.837617749774947 -8.22818937172436 -2.16386504094974 -2.32520659686398
-2.01385916153535 -3.07251664650736 1.29352146227118 -3.87970266720728 7.88566524541513 -11.4724367041209 -1.7577529826721 -1.50291291471619 -12.8850902190448 -10.5955274869039
0.925384669281209 2.52720085245458 4.70744232600452 1.92554676137738 -0.165912365884842 -2.11998810075761 4.95597934118566 -7.87524550787881 -1.58703286274145 15.0052739199704
4.29534925212382 -0.527563360357806 -6.87335410457668 -7.28176250005267 -1.92227575766417 4.67994778504429 -8.04703980103685 -1.3656409853117 -3.33509812923357 -4.36780289448149
5.06646346487584 -1.68363734211847 4.59689793638951 7.92886241546007 -3.73788984129769 -3.54103199830521 2.82683986612883 -5.75292240641895 -4.01819968497432 -1.23163470083131
-0.698994272529311 -1.65435397322063 -9.81251490490641 -12.7481527827603 -6.14830586908305 -7.38346648271823 -3.35723289286172 -0.0485808607109264 -2.27139733253387 -1.41129616956676
5.15940932433566 1.08354048238099 9.1212650479632 6.90801349724222 -6.37017711176687 11.041181277874 -2.50372566119421 10.5148910842266 5.52727367653842 0.445036415008053
3.01165314818833 10.2608065538349 -3.47178987484043 -3.44528427906534 7.76541415741687 -4.1522776411808 -2.93210556937178 -4.20323557965764 4.65619429787157 0.736186205676541
2.69611739628024 8.19909786066901 5.48660850307741 4.64239662182545 -4.39919167631447 1.02979704335218 11.2648880924548 9.24187780664698 -5.22302432582021 2.09410704956785
-6.65699628369109 5.0696145797583 5.19775748556444 1.33097332988545 3.05198542456204 3.74157179449627 5.14044942321351 -6.80857744979441 -2.74613520799734 2.37862770927997
2.61631391417187 -2.00865048496891 12.6164869477867 -9.29452746277699 -2.70434665621038 3.88998953590048 2.43894339800522 -2.89459673644581 1.45649112522846 4.24173297444225
1.41183658971676 -0.509271250116935 0.867863321907913 -4.22211785394995 -3.1745120511554 -0.835898419436503 0.176696657628696 -9.24231476168858 1.04000693536583 -2.85095548963537
-4.0381445597462 9.65781251403744 0.134154970130333 -3.49193412160402 -7.97496860611577 3.4769935232169 -5.5355492645866 2.3868677392592 7.15879782293256 6.98638171425528
-0.380644209774863 -0.632815303321428 2.65461096790953 3.76467881794595 3.88625148182588 5.1605940981218 -2.38200715263016 -3.28058458081411 3.58955353283121 -6.11487453418417
5.48954490184207 1.95675907299938 1.1848686072306 -6.36714044806641 -1.35516136709485 1.4392255358502 -5.22839920606123 1.84906431156904 -6.04914405147594 -0.237301485895583
-4.94406029823748 4.46892787852383 -5.31815274840565 14.1972822690672 3.63664490143027 1.76783215345319 12.6286950168594 5.80631404955162 -0.967064716325352 -0.419689999447468
6.66247143268117 3.56301277243792 4.90808299694909 1.95432106101912 -19.3119328685797 4.98910349417119 -1.26064252646885 6.44913016341707 3.19959378814925 12.6593582618513
1.81549755692415 6.49150274886422 -8.83977347480691 2.52652365309205 7.66290868777242 6.70767677503194 4.55482157303646 2.54753224509085 -3.69110613094513 10.3329859025848
-2.32627968473286 0.451342654129156 -4.58748312182246 0.827812773979117 -1.00049242032865 -2.01841123785819 1.37620270372096 -10.2452709705893 -4.9997559659524 -4.85388216083046
-3.00382105459694 -2.63910490588747 5.3476591652713 -0.194333149575789 -1.84639869661243 6.00837598949601 7.32780024807271 -5.33816626876906 1.12489624601437 -5.66646563449373
3.50556731078161 -2.17776375734977 1.04901030062608 6.61797967143671 5.25497975266693 4.04230364922042 1.79224864072865 4.50605408719878 6.60129169180256 11.5185356420944
3.99817541823679 -5.15109553282645 -4.64390274542057 5.06050696588708 -3.72777858775356 -2.43159346939869 -0.675612462188909 -0.51653226486043 8.07613541144582 11.541724215769
-1.21309633611988 -13.7231153192564 -8.15658461305136 -2.60468185737851 -0.462710251671131 -3.12841638566539 -5.27648525547694 1.56833951744501 -7.67849119647007 -10.664432929067
-4.86539839311639 -2.37315313380579 -2.90083334288519 -3.09623733147295 7.27923850249593 2.37288628854359 3.90016564392661 -4.65311500519899 0.825470288823418 -2.79198637789705
-0.976205341707754 -5.97174736011347 4.78863866439133 -4.69359169004746 -4.24092304980795 2.85522245384556 -6.79996464187211 4.4427369193499 3.42022159779526 -3.21941666949913
4.26323975814641 11.4317425253088 -0.659693854087211 8.36433409927548 -4.50903111452751 4.9229267259288 2.70492154831589 -1.54795513090173 1.19041670013042 7.44101805119025
5.69763447146703 -1.80136114542412 4.20749306281577 -3.24168468801437 -2.46580418413257 1.74297017508134 3.11889000994839 1.7625627944707 2.69451380912728 -0.501751734986132
-3.55466954344103 -5.86678470361005 4.11915905310218 2.73064520697318 -4.46259440328229 19.1311019363657 1.20416681628421 -3.91970028313205 7.1925672046941 -0.353740833903082
6.30256224385104 4.71740098443395 -3.01305787688606 -0.217580381783489 11.7082357725705 -7.10349919741385 -5.63284633288536 -2.21133065642848 -11.8290147749428 1.36657848119642
-3.56606947811741 12.0365259785648 0.719976560108957 -8.04510718816099 4.09681500522836 -5.78218044773418 -4.116347211885 -6.89015335897108 -8.55475040771606 -9.9089945455925
4.84005511194819 4.92309364773649 -1.31353925043765 10.34052062886 -4.18579147789851 4.10427301790381 1.15703625337726 0.412373501464063 1.50959425130355 1.04566827457353
-1.9803835947924 4.06273717494554 -2.98304063552502 -2.02526496469891 3.12795478761792 -1.61337836471483 -19.199064922482 -2.00387370110044 -7.07601268284002 -2.7320201029128
-5.38758218503929 -1.90367510393272 1.05849065358702 3.90343552399367 -4.69086552290155 4.14626963047355 -1.22466972469179 -2.45295864713967 -4.03247514203593 -1.90220800562499
-1.76316627990364 -0.550120218122488 10.0183293610904 8.71231626708913 -6.6557638879815 -6.5931058996637 5.81670158235043 5.94629816399871 0.250006659089474 6.17469132041431
3.19229812287679 1.94281844070915 -0.931676196577891 -0.550637953929449 -3.13996997961984 0.156331885104942 -6.96335470056674 -3.34219082292082 -8.53190574221156 -4.31943310595502
5.78014088101438 0.919681045790047 -6.32550986862969 -1.87299132170316 2.15107331222388 6.80205687497981 -1.06042586510051 2.31043163583905 6.53013110196249 11.5135467866662
-9.6843503663933 -6.46817977981933 1.72384873858316 -6.9345353321381 -3.22574123874424 3.99758069151246 1.8523249067283 -1.0407128341692 -1.47124951117421 4.39513618927908
9.01809170966209 0.76177061388555 -0.603359062121276 -3.29678384883445 -1.01522882093741 -0.383146483001389 4.00347596974955 1.24674806922805 -3.53257944304746 1.38761047908273
2.06650217245693 0.965476394735344 -0.809494255317483 -2.58109031654479 -2.10690538729043 -1.24580512330507 -2.70697446410235 3.46724609855823 -7.85337244010618 2.23000094152489
2.03779460266895 7.62151668961033 1.67544926033852 7.60220224781893 6.38012767711385 -2.62572240626895 -6.48065428425803 -4.00578740526821 3.7033897575591 -0.518998422566389
2.43325581768769 -6.96378114192178 -0.8294881619548 1.87159904826605 1.72437172646101 2.038405888847 9.9430741417083 0.345104306039414 0.370820072811546 9.96120143577523
-7.24601205793638 -7.88189771286882 -12.4502057011486 -10.5593755434531 4.47325789937835 -5.40083304328405 -6.21452364442589 -2.46352299843235 -11.718853326087 -16.6711344522181
11.8172286292201 2.24921393086252 1.64169110827011 5.18522285192534 -6.78041103751946 10.9989934639615 -4.36783165122287 8.90326426271637 6.67374777250673 3.66366945857443
3.91674950021358 -11.3833352679929 2.76182460632892 5.16948984454774 4.00634825304789 -5.85466647631728 4.36551606834355 0.695932359743206 1.38324243683124 9.46456727849286
-6.49850907571713 -9.8369133412621 -1.93201375257036 -5.97706359844234 8.45426123084743 -6.80784442372665 -7.19792741095078 -3.28017883060005 -8.57010767836932 -12.5064770045697
-5.26528271976562 12.0422524134229 2.18761651296972 -4.38739738057845 -3.51166952822082 14.5458541620667 7.98947936376689 5.10307127083873 3.80459548417701 11.2839324013991
-6.04546159223095 -2.96801917218501 1.82754993196133 1.24481212437677 -0.238842516640435 5.20261363807946 0.191883922347708 9.41554441529264 7.43117653181155 -4.4676890057866
5.86282114085513 -9.26558926127353 -11.0549229126694 6.15093996102762 -1.65245886872492 -2.75692363928963 -8.05449897684858 -5.96802641824677 -9.12434996456354 -2.89461672088473
3.03466623111479 -8.08694762331154 -6.00713775954316 4.08593973238374 0.583924302231045 -2.59991100407682 -4.86451019879638 -4.68534342694306 -7.58078159206188 -1.8462918786185
-4.92131426074094 3.31773655318249 -1.15495717964512 -12.6494717073988 -1.18924554146453 -1.02387890116538 -7.01165690479156 -9.53470182899133 -3.20249966831542 -6.27038900820267
-1.88419053305292 4.58605213316317 2.53403944600727 0.434591048452771 -3.5288543271642 6.1341022883318 8.58792961343069 -2.62636793304162 11.0978341438189 2.81558214327752
3.17086130711142 6.13625122568854 -3.54129666122648 -5.73472378883803 -0.01705873564231 0.104226269852133 -1.54811365539129 -5.26352937696874 -6.07360276209563 0.521749047256429
-0.442737635033491 6.87068398051933 1.5885639868248 3.34559980290448 -6.62372957064629 9.5070328470086 0.180582428175331 2.52285058307815 -5.13693483933877 0.747931870231169
2.43428120686268 -4.94472940627642 -3.84454604792688 5.80734621639303 7.73370888426987 -15.4665899970658 1.54827454157892 -9.67746025607843 -2.72285064512685 -5.65367744240731
6.63011918489809 -3.65878757624377 -6.97069875284872 7.24438878038799 -3.6571639858689 13.5774306393139 3.88828563886838 7.48712611008367 11.1292569466765 3.09740462504299
8.8405730520222 -8.55988581730378 -7.85747814663689 -11.0348138029055 1.21762911903171 -1.65269914681961 -1.61781688935639 -2.1799320283398 -6.89595739145616 -0.538376188551028
-7.65164416496363 6.68377475263078 1.29112780799073 -12.4288762999952 1.26015727622964 4.97425669673191 -3.03450054288126 8.07762932635761 -4.74285956381359 -3.73683349123228
3.78519305978188 4.82762842776695 12.7033392827324 0.79261946694359 -5.08189115474281 0.251273174096398 -1.77632751434964 -6.79988805383064 6.99947204934844 8.46521601507853
11.5083695838105 1.84860482225827 -0.808608706804723 -8.808977553366 0.513753311283751 3.46263907277508 7.77249399245783 6.12198015221549 -4.00143098139264 0.363688904984911
-3.0654683608382 -3.29138819820974 -3.5794651820073 -5.37185145730717 11.4859335760956 -0.0116286848779552 1.23306676929203 4.58452315319949 1.38626356937414 -2.09353050766423
4.70146051929083 1.79268998532655 -1.59940984812485 -2.48817803638977 4.12475042640009 -0.649386388915355 -1.15982886635176 1.01029120100269 -6.81284042711632 -17.0261684238893
1.95719602888596 -1.32061732521454 -5.22539840677388 1.12916041680569 -8.02407265120568 -4.53062116841149 12.4922635878307 4.06409181036877 5.22329272777539 9.14709342588393
-10.6610217448192 -8.43308985373126 -6.42820800043977 9.1803578134574 5.63911643538148 -1.5193636373925 1.36620812216882 -14.5775266067706 8.8317927875009 -4.60376439704116
-1.43979490593259 -4.34367892766057 -4.12764549102462 -6.39167563535707 -7.37668383507534 -1.97350976398208 -6.53744891593993 -3.69028998737158 -4.45041104963142 4.83624977834326
1.86506773172625 4.24373748236729 -3.11637362968638 6.08464784943286 -2.20865259203169 3.49958259467066 4.45188166401935 0.280816867613102 -11.530824304599 -1.58381070450921
2.10882269613021 7.59261269373857 3.24152179307943 -0.271104915982806 2.57677009958644 11.2176953197332 -0.294153639936934 -5.26893685795233 3.25935659265558 8.29283971061372
7.74367756052599 -2.23509169075512 -7.59105900119661 -5.13823338956521 -2.23026473575215 0.609690217582166 -2.53799703223914 12.5946844526488 1.06565268183406 0.071518293618696
-6.77263380328249 -1.33311217861874 1.302351669413 -5.81548048515394 4.1348544032588 -0.0964297741318559 -5.07221582233845 3.99735071675335 -8.40080109819074 -5.49469092662779
1.45540909673673 2.02041911966231 9.24374079454476 4.57773699735779 -12.642471563011 3.12162353786628 4.76861255306459 13.6437048446686 1.84949692849256 7.58397401641702
9.87234025817321 5.63218936610349 -3.0456170873004 -3.85002394386982 -0.30082987124747 -4.2502346394945 5.24144052013883 7.79327442977743 1.70001707457814 5.21764636998137
2.80250916339955 10.1427845648671 -4.41884710648149 4.05197726250762 -7.11927190194757 4.37528717535328 10.0032675246186 3.634320186882 9.36570138797949 3.51885310986953
4.90573243902758 3.90107403629777 -5.07508332633456 6.39809972121126 1.52681322196842 -1.91144021434466 0.568145399737352 -5.97590435858698 5.52525046880797 -2.85060961774801
1.22544083402753 -5.10598960000654 -1.73998862892007 -1.07562572555678 0.936665237395514 1.62874721356124 6.20535835870018 4.85126452367496 0.249728377098481 4.20153866759109
9.75971671847095 5.34318728891358 -3.24342685927851 -4.80143364008529 3.67234054861677 -4.20917902637883 -0.765594170978662 4.3824745538253 2.72318559802293 11.633653455279
-1.90485720944738 1.57487597852219 -2.39298944918525 -0.0199600161698159 5.13591261983807 -5.30378051018258 0.486710971244232 -2.03082039747248 1.73722869685314 -7.23030638371253
-5.85600197849052 -8.48405468528465 3.12319763576668 1.04338937954974 -15.0518594577388 5.39654971706405 0.305851715869804 6.39622824855551 -2.97508638735304 9.84585015346302
-0.222207164948848 8.16769008666968 -6.23473972867292 0.870394275264241 -1.32119454896264 4.02432426784075 0.466744532277206 -3.28251357433636 -5.69127602768262 1.19720422067096
-5.42947871800806 8.23968594985505 0.0232338807604481 -7.30061627124852 -1.2534462631266 -5.63033385859495 3.53326587410069 -1.85429046256881 -4.39629956043504 4.37843111782461
6.91887299830318 6.34576166355509 7.08888565921894 -4.55566296153593 4.15830728351287 2.8771457758851 2.84997212765226 7.6148508440091 7.78411359219488 4.43837792355385
4.81304244822888 7.53460213043186 3.2045147883206 4.76242147209404 -5.20829563327109 -3.28482280621521 -3.92227660498417 -6.48457373933062 -4.38525508706518 -1.25651241293618
1.33808437307819 1.0605506316954 -3.18784223668983 8.11311502527759 -6.58471690757426 -2.95804719480995 1.85699749185544 6.27479197041336 10.1330627047548 6.32446958252106
-3.49574809416761 -2.72581513799332 1.05221943193909 1.18201088216654 -4.41944541184195 6.81353920928522 -3.20497220210634 -7.48707234034153 6.40683763253039 -5.60342924390291
-0.84029893780777 3.48163127480356 12.5218212223933 -1.14881673964081 -10.5179147750384 6.47274307044695 5.08320039946704 -0.661962820521405 9.1001983827487 12.449266128172
0.204153934936394 12.8663580088176 2.80825732729687 4.47376359896747 -1.23921928722889 -1.39320486766248 8.66321827731303 -5.28088922894652 6.9082168446844 -4.38842297373159
-3.85032470087323 7.84184486833521 9.19547278851444 0.141942953098899 -2.61199968181796 4.78241219889538 -9.75333894157059 1.3510865503378 -2.08677928954737 -1.25888463137865
8.26899049149393 -5.0072466475923 3.10113624804858 6.27888406882388 -3.7635299343774 6.93845288426353 11.8164353750231 -1.54407909223106 8.06018931304023 12.4146572169227
3.99314151368504 3.45786825753294 -3.40090467417234 -9.0193436432857 1.89976672293316 -2.33235475461065 -8.25532184828416 -8.81809443829771 -6.61274469344564 -3.36392916723913
-6.01258048834181 -1.35062294769386 -7.57173092626951 2.68962748907825 -3.77412432064383 1.23432510658374 4.44639672692119 -5.76322691139235 2.24894326599443 2.23511763671257
6.27088201513796 -0.297519784645065 -7.64877020066429 -3.56099299518065 10.8694770215835 3.02707354779045 -2.02033337596119 3.48988016190545 -4.44327186265727 -0.877289145754112
3.83328350732271 1.80581562703405 -1.22330238664468 13.7954449617312 3.59380826736525 -0.221009734823382 1.08788856304301 4.45439730113515 -7.14322352433117 5.94202825779174
-5.64583368428951 -5.30125396244197 -10.9898833172324 -0.935099688922192 1.94293473856205 -7.96923759795014 3.84308683269548 3.60021920917983 -8.60476209940654 -9.81755436595644
0.673025847518294 -2.71879319805383 -0.560550825630699 0.922308897195844 5.72732920172926 0.865612304935304 -1.7775380722969 4.4779165758419 -6.30384264627678 -14.5423019829763
-3.9656443207393 -6.84949428930115 -5.29659511600405 -6.00589168666597 4.02692112347022 4.42128913699837 6.8721859661049 -9.6793507498752 -2.01293869488423 1.60506128426144
-2.19107369207936 -11.2165688113727 1.43609576950257 -0.874987892222344 10.4143871144826 10.5455431713171 -1.80423488450856 -13.8274695452476 2.73527031963806 -2.6534980672512
2.28683180426011 -0.0952552417555392 1.86532139275216 4.7769356074343 0.723022918914909 -1.33779941574879 -1.16991792529205 -5.55970105632334 2.24703142946758 5.30647498077961
7.05932527244105 2.51961383990816 5.71910923642754 0.544294992846443 3.44921018328695 -6.79917515356187 0.728266927222827 1.84052227661122 5.71551744635866 2.62173213732273
-0.491737925031475 -2.3742007685326 7.38625530882234 4.05680820732652 6.85664842213849 -5.23643826653839 -3.36488038168448 -0.252477226276594 4.90660290995281 -9.61280396208311
-2.08191533942138 -2.4907709169849 8.46598279126711 5.14488852272718 -11.0518387598377 11.6727287312365 -2.7403031301437 7.66840517256099 7.46943602056219 6.89764599600331
-4.87840297937975 -5.72936672722948 3.24095571420044 -5.74452926591655 0.7156775086389 -5.11671058918524 -5.94153625639272 -8.60994197153693 3.83451539899697 6.1911449479332
0.687378153837895 4.3820868484512 -10.8196793349383 -9.22350491775049 -5.19832707651162 -12.3594110034644 3.23238708490714 -1.57888051052164 -4.92607617695988 -0.629438319084002
-1.19348082453136 -3.8817114665657 -4.86603302464853 -8.69431228437945 -0.592290067636564 2.84074177821758 1.38328549959738 0.0621608762878925 3.72862371517804 2.69640575242754
6.10717926198228 1.76846645962525 0.562196147550442 0.798223172751202 1.22422952265482 -14.219870879969 15.9735943514104 11.4369309171718 -0.975995704120436 0.780640581355336
-4.37819136152272 -6.96654381568091 0.499677030168249 -3.59319006945568 -0.213293949333332 1.82719614686116 -6.97157381286805 3.04637883798467 -8.36583610128036 -7.07046871022585
-2.29086704235049 -1.28620578384117 3.14376739953216 2.242029462671 -1.97314732160869 1.53395145296338 9.92758976331865 8.34392302794869 2.19281212495093 6.64047371722695
2.99895045397746 4.6022232218936 4.59824192913215 0.390071606970768 -1.50579045448927 1.46282351934787 9.12126000960511 4.47679681598894 9.40688184835749 2.34387136897363
-2.35083239703763 1.91622223762159 10.3732571559562 5.59860048027249 -1.84460937719087 0.379561259441768 8.32577177719017 2.30549600914956 8.80820977527437 2.02693317105975
-8.89627146799847 0.492605293458484 3.01804919600969 1.0808934974679 -10.3930456384815 -1.71722149549507 5.83308635448196 5.72822430542298 13.6338471420375 8.75642542137421
3.41726991951523 1.0081936486288 5.68690691368515 0.990926376805457 4.80988063208588 3.75175751751793 1.11195999878763 -5.52940633785064 -0.286957619635098 1.52779651633385
-1.03549806498277 2.40775462007332 -0.476537988605021 -1.73900174676583 2.49260566575501 -0.961248582209322 -1.28161076348757 2.94572384398461 -1.1618495527019 -3.00568526572618
1.18025848124781 3.87970850147638 4.24743999783764 -1.09860451689996 -1.1972176516062 0.907319727701884 2.90917297031606 4.17660446561329 -2.699376476434 5.74860373848525
-8.38202504217929 -6.50368379737745 -0.966589150809725 -0.140755717369202 -1.39775789604209 -1.51575628658372 1.41258700024661 -0.351981501966409 -3.32128408290117 -3.68892941872131
8.30432116688676 11.0308839321434 2.62950563877681 2.16553497943864 -0.1427074070771 -1.91315023910172 3.73761237914207 -11.9967960880075 3.90988721717395 3.60237899245135
7.38860288541133 -9.89151091608616 1.83080138693318 7.55306778761113 5.22336591917079 -1.34031437614093 -8.70965946281126 0.152943215055379 -1.43498000594457 -4.32501640247798
-10.0695972048727 3.48202032149129 3.56307090590585 6.16836353206954 5.1102600492973 -3.48392733334536 11.6522768357278 0.606207851161993 12.5638436889713 1.87351967257416
1.97160689937745 -4.23646946910506 2.9936820475208 9.37915958072855 5.12455850358106 2.38351184751376 -13.3355208088317 -4.6273382001968 -2.23283024839333 -9.05361895769693
6.93818476079457 -2.09275637572455 1.44154438092782 -4.9482266077305 1.33720975564977 2.25179104219954 -0.726622711431043 -1.89615268226762 -2.35590769798655 1.39206865147944
6.58631532211917 2.16650783299916 -1.00463975360884 -5.1647706065719 2.54284538433405 0.879705120100239 2.17323931597332 2.93361860277711 -9.68311463350429 -4.6035055868012
2.51213674814177 -0.502919159067609 -8.51107847383924 -2.28952051520841 2.10875374576979 -6.23771513999196 2.73086336318605 4.31467425391523 5.2720143864279 4.14456753061717
-0.106680795400075 10.7193917535578 -0.829309223666634 -3.23913358092774 4.09610542752209 9.51998136764167 5.98884114872942 -10.3170398046037 -3.93680292462555 7.17297093603485
-5.18662993484508 -1.04724038112777 -3.14340921256685 0.0679573988765452 3.95251826135969 -4.12656911346105 -3.85960532292301 -7.65199185409739 -6.8357882553937 -4.1543997024891
-5.40587445837454 6.94578800165095 6.33459318913391 -1.79387277282464 0.682493708053673 -10.1480099477889 1.11934350519536 -2.66529736815861 0.518022135454416 3.47746776529062
5.82170232251782 0.544260402593292 -5.62671190618207 0.375435894725801 5.5878963812193 -4.66617246172521 7.25385356889449 5.2986719148905 8.24985274564806 10.7769252109653
2.71750131311751 -0.292587386417495 5.59646966050547 3.87162689314435 -2.65658973427186 5.86396066521922 10.4725515680954 3.49007833117335 -2.21581470167302 -0.861723083691679
3.78775375466076 5.99538329213897 2.75907089060288 12.6853222312834 -8.01668611285125 8.88332150234117 8.91715619279687 -2.23157049031844 5.7963060245348 5.14189134255286
1.29951880027267 2.0259021216242 -4.73352201219026 0.232500850029573 8.03014993907182 -3.03020357620411 0.283754796021358 3.88576962937 7.30145802641317 -7.29485469236438
1.32071631961798 -3.97107524792753 -10.9491389140726 5.14504381926245 1.14040748824342 3.27366823273506 -4.52724579619715 -3.96028560454564 2.01817826030704 -4.01438110717886
4.33544038881822 8.74191331633978 -4.17230476824563 10.8318782713378 5.36385551743548 3.67213765862003 9.33072271601479 4.6315622953275 0.393227219044177 2.51859236374458
0.609174729477117 6.58243406120214 4.10982487606432 1.84367614630356 -8.49626783934326 -2.71324392504267 -1.88764489395871 1.54303163698098 6.29364753219962 -0.765396490836819
-7.42810770352006 8.07626504738016 1.73679718385259 7.24510216884517 -4.96977359923121 -1.52124443644478 4.99435951224269 -0.375082727698531 -7.32738864987974 -2.33534199185768
2.13863639432805 6.74319625202859 -12.6190175032364 -4.81040988883113 1.0613458279178 0.239173616907533 -3.34482752101036 6.9165745239461 -9.84032422985386 -3.41360172671202
-0.544938429519127 9.48299210687994 1.78875968069455 0.472561949522432 1.92829879865373 -12.0835594016194 -3.44532882157994 3.65459729292666 -0.492964508024187 8.27743613973533
8.94853710555949 -2.80996647105073 9.24389832826118 5.31897780132322 3.57870366192613 -1.3658203460677 6.21060601781337 2.31622663914656 -0.650551661593737 3.82130754312756
-4.48132000539413 -1.46976874455304 3.77011006536747 -5.42874502139617 -0.86656777925261 -1.75680426422722 -2.05879530536351 -6.4200534649418 -3.40377617189215 7.86198486564784
8.13168016297588 11.1697465112541 5.06965479667823 -2.89843763376045 3.12922968103141 8.37549900896865 4.0879531204211 6.61727994107507 -3.35608634537224 7.77426728135767
6.55561754765049 -5.89926089881856 -0.3541839049359 5.55871487497385 -0.776906067176697 -12.1131779511397 1.45794382713114 1.93916596295097 -8.06314986061111 -7.95115269302875
5.3576003695392 -5.88422226828356 -4.16510118109413 6.16397620850557 4.15563715283079 3.13032155874007 -7.76238739132368 -5.00153925890986 -6.10239810166783 9.83214207569151
6.06853639774389 -0.60324198960784 3.69167114245224 10.7989371979462 -2.0696341009128 2.26228908719136 3.1317726541032 11.4577833974743 -9.02502054651497 10.5998899302455
-4.63222054709252 5.67360451140311 3.65307732055568 -7.04009545857106 -3.76500560440688 0.872471260881243 8.39997231466307 0.420232426314429 2.11330801994933 8.72396024314983
-12.8219501440287 -8.34894691377749 -7.33410582053585 -5.13505978197288 4.71214623831489 9.20558811258618 4.78997473992448 -2.83621411457092 -11.3777925927346 5.13188502788132
4.72371099006219 1.70423205596071 -1.57325633384073 -4.84014904137319 -0.482498145103212 -0.811390333372009 -2.38622873935646 -8.59189078024255 -7.86658127507297 -4.84173645346165
-4.34429280632453 12.312719323561 9.7953985975362 -1.36741147028907 -9.38046313277929 10.7897562950637 10.0048982226626 1.73388824977999 -5.56698927316895 4.9771582508638
-5.21345685522421 -6.36512482623945 -5.8876604186081 -0.154400439702708 -6.3959975416765 -1.58186863878041 -6.96967655743276 2.48368486168983 5.12644591787118 -2.11235723556556
3.07757295711407 2.20366413156806 0.400824179359775 5.90709727577773 -8.34684757990679 -7.66342460577565 -0.414030497351629 -2.53801278512846 -4.06363495569141 0.290875823975779
-0.360287226084214 -2.8452909570854 3.05546644390573 5.69495010536823 3.02990599988221 8.77898920720372 -1.55896507693106 -5.5332128629861 3.34982470334756 -1.13335778291869
4.00125020327484 0.813278372694392 -0.703341481078774 1.12457141718824 -2.19706765914575 6.37327190119939 -1.76938974786125 10.5586237503193 -6.69963348147088 6.52098840675614
-3.06620665546124 -7.46446038190281 -6.87048150308043 -11.2477876388038 5.97289627534726 -6.24428235886367 -9.45144107251768 -14.0260336872086 -10.6057760329138 1.61940656327809
-2.97428407921593 5.84636528480495 -4.17981408093839 2.60815552954406 5.7544664903096 10.0496961051538 2.80020649314033 -0.536001136549279 -2.90122235273166 -4.40999354466663
3.88227961093615 4.6961307038598 -0.188692233923097 12.3970891024698 -1.76398426893636 0.665620485501412 2.38411847555758 5.15862630228847 1.97880063285309 -0.950371329671329
-3.20988265673525 8.77353527561401 -8.11497450130983 5.32954807429817 2.34289508036995 -4.11035748336552 -6.31934666192467 6.27204441358316 -1.69670457773252 4.84002380988417
1.37042957441163 -9.64197152538435 -1.65005998809727 -8.07793287488145 -4.29199615193761 3.96880201684799 -1.59752483848991 0.94357522768475 -1.6113815740434 7.18882759112261
5.27938780673471 -1.80231532193292 3.89791657261445 3.24682472818339 5.12060256672141 -4.57183697927104 12.0331196241005 7.49514085453529 3.70792715107128 -8.83258653017236
-0.737695254944553 1.37736038332583 -2.69041427801982 2.49599991053969 -2.09587146320371 1.54517731532785 4.87113821291597 12.5089429309829 -3.19431958583532 3.70782350084772
-6.09849407519118 4.2462814787903 -15.1430073198041 -3.63167585210804 -1.09076798479495 1.19764573667269 -6.7269669684995 7.61189882829006 2.14660344137596 2.19390211990974
0.700408329945444 -8.55735015492779 3.76513659867563 8.46501046908938 -2.25550566207144 -3.50469495927563 -2.52864544485152 3.82090038790545 -2.71023151734568 4.73137153783389
-9.80897676484657 0.949571736407145 -4.35195659581022 -8.26911637596921 -0.0486850517690214 4.40703237399904 -4.02286844295506 -3.56690296899969 1.82429227112717 -0.395603900009592
-5.38752329526949 -19.3861349186304 7.15144188738267 2.27683334573262 4.48035663346517 4.74546855691102 -0.850199935905466 -2.83782662740149 -11.6642801052705 1.97152363680193
-0.121569684161504 -3.30863103473451 1.59520276082685 1.82556050787872 -5.11750188090689 -1.237125557077 13.7371031774276 6.21137919634581 -1.20239806601909 -9.47842981968202
-4.07230005431105 1.66722429188456 -10.5106639421047 3.39766034289489 3.74076187656953 4.56694862414417 -4.49222159825827 -1.30943179008874 -3.39395299874216 -9.01331052729679
1.38830772617919 1.04978689984116 1.32644913688037 2.65277433945439 -4.72297047945924 2.67258099173767 4.83231461934883 0.579713695695784 -3.99649725571707 5.11644227387617
-4.58673141873276 6.44540395128076 -6.46459843646698 4.89557597713055 0.793655416913905 -6.95839699465071 -7.61382670301309 -0.765897644477775 1.45759560054486 -5.28013187739286
5.09673846729035 -0.653858903094959 -10.9909705550784 -6.41849584042359 12.4452411102023 0.346729167291873 -7.99951548786247 -6.84407313412291 -9.92662246553439 -3.5812857331453
6.2361816300147 -5.41778888121437 4.4905311276632 -6.24116161415158 4.65409935394899 -0.276427894619459 -12.4262050949594 -1.42403701856834 5.27968476078603 1.48113940646441
-2.17820180034619 -5.18845356030868 0.825430021948302 3.05701171830939 -2.2599994771849 1.5048962953126 0.75026505720468 -0.495431796992385 -2.92841390895806 -12.0102155979759
-2.3568309346884 3.28156814355994 -5.82367815462325 -7.87530280220372 -3.91562257183885 -0.0947317394503862 6.07311560957195 0.297340100939857 3.73665300000407 -8.96990544279913
-5.34171056373632 -1.65466120891772 3.55533665273078 -6.75135893680513 -3.68234138794121 -9.65095012332369 2.56790705363818 2.13685214633841 -7.98059241784281 -0.408096535696844
2.96199028764486 0.288086388593734 3.85896798891469 2.09569074534319 2.36646542245207 17.8954157187609 2.31497398793849 2.68791234757228 4.03852974736743 3.03718584765545
-4.0260931446075 -7.26757332083649 -11.4541178191913 -4.11988688708809 4.48133957450359 -9.70673223510114 -7.61317148310131 -8.77243267501136 -5.83059961841819 -11.5865137225859
1.95033479048253 -12.3608558045543 -1.40767822347929 -3.04064443646083 0.105785624233737 0.145444511369575 -4.67488823206481 -1.63389080350887 1.56411136472122 -14.0071525568454
-12.3430721007501 6.74056634004297 -4.58565212333204 -2.14276374601212 -3.88276639272165 -4.82649924123872 -1.30565794730031 -10.4118877208582 -0.277810979515217 2.23982612836795
-7.65872123911783 -7.50270867592358 2.43261319944953 -2.97614796586958 -2.3503356361174 -7.61406857127701 -2.33906955843076 -4.32110632170166 11.8912245043162 5.39909024801428
10.9389823045551 2.91643959887583 8.01149127312163 9.36330613663079 1.94742906735831 14.2320694040164 4.38099424044772 13.7878262563185 10.9056715734282 2.47621494432455
-0.526385772085541 3.18853785715612 -1.51886415118102 0.23352759230301 -1.76643646153357 -17.574770301169 1.6169029007389 -5.51416349637455 -0.262088673201337 -5.80290990941386
-10.3103258526713 2.25821701419776 2.95909898014251 5.02252682084482 -10.2907006186493 0.131152352550966 -1.49025562300445 -3.04350788694045 -6.10303329052981 -2.18277992455197
-1.59288135022929 -1.99845892178905 10.5561965747624 1.79039855212674 -0.681161008883036 -4.65612316193338 11.560339848667 7.755511127803 2.18404363049475 8.2768627430935
4.09823619847678 -6.49206677806433 -0.304321527050968 4.43336687965678 2.06630808706744 3.80639385311926 -0.97499090936076 -11.5447608848813 -2.34306722141979 1.61541878941147
-5.94486231054972 3.24378762097089 -2.54767666168691 3.94619571477584 2.71338222474525 9.71889982386237 4.93516049105356 6.55351728216899 -6.15699446076634 0.316525495017878
-0.722536494195423 -5.97050429979882 9.41349333179347 3.92267352600071 4.71127142327366 -3.63269369621239 2.43843625470114 -11.6754638806865 -4.36423749229144 -2.48335425886014
9.55850468220267 2.90481992380231 -0.376901590746218 3.58812197376734 3.47897720244532 9.04390720512799 15.6548795692511 1.16899191934259 1.3947351810124 8.98678224946427
-0.38400549012521 -5.77299874084592 8.8877480968748 3.31022830469715 1.93345977559194 5.49216043501916 5.42595911777504 -2.00671172597129 6.8170686544757 6.23513646038149
-3.46752337033099 -2.63996222172319 5.3689464670131 1.16259035961007 -7.96172115745474 -5.36186688148139 0.434621856488665 -9.01701272860572 -11.7846784789539 -3.75355128208961
6.07493509052535 -3.69270149913718 -1.19882691527049 4.59688043057515 0.786829531626627 15.1155604034273 2.88759107784918 1.19003153832168 13.0415741926863 11.2409129489385
3.18712800479136 -8.34442583770816 -9.52573196608721 0.381530406571731 9.75537415037318 -1.54707007344279 3.49373204116706 -3.73261907005248 1.8828287848026 0.319343995225691
11.539794075813 3.4329883432653 7.6288583349655 0.247408125645404 2.40420720314182 5.4221506110449 -0.342624183367778 -6.19981092097297 -0.755394357824499 -1.91462056986655
-2.16074816554242 4.7403364352027 -7.28861625701734 -6.45575796344069 11.0261765759936 -0.0588724485695269 1.66004607884435 0.971297771025423 7.7865902258917 -9.78744975337415
