-1.91089763073251 -2.12321958970279 -2.33554154867306 -2.54786350764334 1.91089763073251 -2.9725074255839 -3.18482938455418 -3.39715134352446 -3.60947330249473 -3.82179526146501
2.51833562878892 2.79815069865435 3.07796576851979 3.35778083838522 -2.51833562878892 3.9174109781161 4.19722604798153 4.47704111784697 4.7568561877124 5.03667125757784
-1.12965918984264 -1.25517687760293 -1.38069456536323 -1.50621225312352 1.12965918984264 -1.75724762864411 -1.8827653164044 -2.0082830041647 -2.13380069192499 -2.25931837968528
-2.61509037623182 -2.90565597359091 -3.19622157095 -3.48678716830909 2.61509037623182 -4.06791836302727 -4.35848396038637 -4.64904955774546 -4.93961515510455 -5.23018075246364
-0.621470564045012 -0.690522848938902 -0.759575133832793 -0.828627418726683 0.621470564045012 -0.966731988514463 -1.03578427340835 -1.10483655830224 -1.17388884319613 -1.24294112809002
1.98852797225118 2.20947552472353 2.43042307719588 2.65137062966824 -1.98852797225118 3.09326573461294 3.31421328708529 3.53516083955765 3.75610839203 3.97705594450235
1.98613819107413 2.20682021230459 2.42750223353505 2.64818425476551 -1.98613819107413 3.08954829722643 3.31023031845689 3.53091233968735 3.75159436091781 3.97227638214827
0.407318169716746 0.452575744129717 0.497833318542689 0.543090892955661 -0.407318169716746 0.633606041781604 0.678863616194576 0.724121190607548 0.769378765020519 0.814636339433491
-2.70969752781093 -3.01077503090103 -3.31185253399114 -3.61293003708124 2.70969752781093 -4.21508504326145 -4.51616254635155 -4.81724004944166 -5.11831755253176 -5.41939505562186
-2.65173969324678 -2.94637743694087 -3.24101518063496 -3.53565292432904 2.65173969324678 -4.12492841171722 -4.4195661554113 -4.71420389910539 -5.00884164279948 -5.30347938649356
0.808309718035161 0.898121908927957 0.987934099820753 1.07774629071355 -0.808309718035161 1.25737067249914 1.34718286339194 1.43699505428473 1.52680724517753 1.61661943607032
2.11630181316286 2.35144645906985 2.58659110497683 2.82173575088382 -2.11630181316286 3.29202504269779 3.52716968860477 3.76231433451176 3.99745898041874 4.23260362632573
-2.33706323197111 -2.59673692441235 -2.85641061685358 -3.11608430929482 2.33706323197111 -3.63543169417729 -3.89510538661852 -4.15477907905976 -4.41445277150099 -4.67412646394223
1.13819926790893 1.26466585323215 1.39113243855536 1.51759902387857 -1.13819926790893 1.770532194525 1.89699877984822 2.02346536517143 2.14993195049465 2.27639853581786
2.40098760835826 2.66776400928696 2.93454041021566 3.20131681114435 -2.40098760835826 3.73486961300174 4.00164601393044 4.26842241485914 4.53519881578783 4.80197521671653
-1.81536232307553 -2.0170692478617 -2.21877617264787 -2.42048309743404 1.81536232307553 -2.82389694700638 -3.02560387179255 -3.22731079657872 -3.4290177213649 -3.63072464615107
-1.79629669105634 -1.99588521228482 -2.19547373351331 -2.39506225474179 1.79629669105634 -2.79423929719875 -2.99382781842723 -3.19341633965572 -3.3930048608842 -3.59259338211268
-0.14845904102549 -0.164954490028322 -0.181449939031154 -0.197945388033986 0.14845904102549 -0.23093628603965 -0.247431735042483 -0.263927184045315 -0.280422633048147 -0.296918082050979
1.31444807024673 1.4604978558297 1.60654764141267 1.75259742699564 -1.31444807024673 2.04469699816157 2.19074678374454 2.33679656932751 2.48284635491048 2.62889614049345
-2.85600050725043 -3.17333389694492 -3.49066728663941 -3.8080006763339 2.85600050725043 -4.44266745572289 -4.76000084541738 -5.07733423511187 -5.39466762480636 -5.71200101450086
2.67487208219245 2.97208009132495 3.26928810045744 3.56649610958993 -2.67487208219245 4.16091212785492 4.45812013698742 4.75532814611991 5.05253615525241 5.3497441643849
1.35846814652905 1.50940905169894 1.66034995686884 1.81129086203873 -1.35846814652905 2.11317267237852 2.26411357754841 2.41505448271831 2.5659953878882 2.7169362930581
2.70683920802549 3.00759912002832 3.30835903203115 3.60911894403398 -2.70683920802549 4.21063876803964 4.51139868004248 4.81215859204531 5.11291850404814 5.41367841605097
-2.99449437204748 -3.32721596894165 -3.65993756583581 -3.99265916272998 2.99449437204748 -4.65810235651831 -4.99082395341247 -5.32354555030664 -5.6562671472008 -5.98898874409497
1.8129923036322 2.01443589292467 2.21587948221713 2.4173230715096 -1.8129923036322 2.82021025009453 3.021653839387 3.22309742867947 3.42454101797193 3.6259846072644
-2.65629458287731 -2.95143842541923 -3.24658226796115 -3.54172611050308 2.65629458287731 -4.13201379558692 -4.42715763812885 -4.72230148067077 -5.01744532321269 -5.31258916575462
-0.79921335959807 -0.888014843997856 -0.976816328397642 -1.06561781279743 0.79921335959807 -1.243220781597 -1.33202226599678 -1.42082375039657 -1.50962523479636 -1.59842671919614
-0.68768829619512 -0.764098106883466 -0.840507917571813 -0.916917728260159 0.68768829619512 -1.06973734963685 -1.1461471603252 -1.22255697101355 -1.29896678170189 -1.37537659239024
2.43687802366912 2.70764224852125 2.97840647337337 3.2491706982255 -2.43687802366912 3.79069914792975 4.06146337278187 4.332227597634 4.60299182248612 4.87375604733825
-1.14211817923933 -1.26902019915481 -1.3959222190703 -1.52282423898578 1.14211817923933 -1.77662827881674 -1.90353029873222 -2.0304323186477 -2.15733433856318 -2.28423635847867
-1.10848437063396 -1.2316493007044 -1.35481423077484 -1.47797916084528 1.10848437063396 -1.72430902098616 -1.8474739510566 -1.97063888112704 -2.09380381119748 -2.21696874126792
2.9611236685887 3.290137409543 3.6191511504973 3.9481648914516 -2.9611236685887 4.6061923733602 4.9352061143145 5.2642198552688 5.5932335962231 5.9222473371774
0.856826633680612 0.952029592978458 1.0472325522763 1.14243551157415 -0.856826633680612 1.33284143016984 1.42804438946769 1.52324734876553 1.61845030806338 1.71365326736122
-0.912600788287818 -1.01400087587535 -1.11540096346289 -1.21680105105042 0.912600788287818 -1.4196012262255 -1.52100131381303 -1.62240140140057 -1.7238014889881 -1.82520157657564
-0.353803723119199 -0.393115247910221 -0.432426772701244 -0.471738297492266 0.353803723119199 -0.55036134707431 -0.589672871865332 -0.628984396656354 -0.668295921447376 -0.707607446238399
-0.766047459561378 -0.851163843957086 -0.936280228352795 -1.0213966127485 0.766047459561378 -1.19162938153992 -1.27674576593563 -1.36186215033134 -1.44697853472705 -1.53209491912276
-1.5316617982462 -1.70184644249578 -1.87203108674536 -2.04221573099494 1.5316617982462 -2.3825850194941 -2.55276966374367 -2.72295430799325 -2.89313895224283 -3.06332359649241
2.02197291143239 2.24663656825821 2.47130022508403 2.69596388190985 -2.02197291143239 3.14529119556149 3.36995485238731 3.59461850921313 3.81928216603895 4.04394582286477
-1.13066677143797 -1.25629641270886 -1.38192605397974 -1.50755569525063 1.13066677143797 -1.7588149777924 -1.88444461906329 -2.01007426033417 -2.13570390160506 -2.26133354287595
0.534149145707488 0.593499050786098 0.652848955864708 0.712198860943317 -0.534149145707488 0.830898671100537 0.890248576179147 0.949598481257756 1.00894838633637 1.06829829141498
-0.247101217042655 -0.274556907825172 -0.302012598607689 -0.329468289390206 0.247101217042655 -0.384379670955241 -0.411835361737758 -0.439291052520275 -0.466746743302792 -0.49420243408531
-2.31104474002495 -2.56782748891662 -2.82461023780828 -3.08139298669994 2.31104474002495 -3.59495848448326 -3.85174123337492 -4.10852398226658 -4.36530673115825 -4.62208948004991
-0.961734658107162 -1.06859406456351 -1.17545347101986 -1.28231287747622 0.961734658107162 -1.49603169038892 -1.60289109684527 -1.70975050330162 -1.81660990975797 -1.92346931621432
-1.13336302153766 -1.25929224615296 -1.38522147076825 -1.51115069538355 1.13336302153766 -1.76300914461414 -1.88893836922944 -2.01486759384473 -2.14079681846003 -2.26672604307532
2.72677539708093 3.02975044120103 3.33272548532113 3.63570052944124 -2.72677539708093 4.24165061768144 4.54462566180155 4.84760070592165 5.15057575004175 5.45355079416186
-2.66894231317565 -2.96549145908405 -3.26204060499246 -3.55858975090086 2.66894231317565 -4.15168804271768 -4.44823718862608 -4.74478633453449 -5.04133548044289 -5.3378846263513
-0.602445658296347 -0.669384064773719 -0.73632247125109 -0.803260877728462 0.602445658296347 -0.937137690683206 -1.00407609716058 -1.07101450363795 -1.13795291011532 -1.20489131659269
2.3540102946572 2.61556699406356 2.87712369346991 3.13868039287627 -2.3540102946572 3.66179379168898 3.92335049109533 4.18490719050169 4.44646388990805 4.7080205893144
1.5988477896899 1.77649754409989 1.95414729850988 2.13179705291986 -1.5988477896899 2.48709656173984 2.66474631614983 2.84239607055982 3.02004582496981 3.1976955793798
-1.5000086221844 -1.66667624687155 -1.83334387155871 -2.00001149624586 1.5000086221844 -2.33334674562017 -2.50001437030733 -2.66668199499448 -2.83334961968164 -3.00001724436879
1.15907916566357 1.28786573962619 1.41665231358881 1.54543888755143 -1.15907916566357 1.80301203547666 1.93179860943928 2.0605851834019 2.18937175736452 2.31815833132714
0.514787404797971 0.571986005331079 0.629184605864187 0.686383206397295 -0.514787404797971 0.800780407463511 0.857979007996619 0.915177608529727 0.972376209062835 1.02957480959594
0.810729707591236 0.900810786212484 0.990891864833732 1.08097294345498 -0.810729707591236 1.26113510069748 1.35121617931873 1.44129725793997 1.53137833656122 1.62145941518247
-1.06780390022323 -1.18644877802581 -1.30509365582839 -1.42373853363097 1.06780390022323 -1.66102828923613 -1.77967316703871 -1.89831804484129 -2.01696292264387 -2.13560780044645
0.734455566387624 0.816061740430693 0.897667914473762 0.979274088516831 -0.734455566387624 1.14248643660297 1.22409261064604 1.30569878468911 1.38730495873218 1.46891113277525
-2.17948619322851 -2.42165132580946 -2.6638164583904 -2.90598159097135 2.17948619322851 -3.39031185613324 -3.63247698871419 -3.87464212129513 -4.11680725387608 -4.35897238645703
1.16779075143859 1.29754527937621 1.42729980731383 1.55705433525145 -1.16779075143859 1.81656339112669 1.94631791906431 2.07607244700193 2.20582697493955 2.33558150287718
-0.657147284131497 -0.730163649034997 -0.803180013938497 -0.876196378841996 0.657147284131497 -1.022229108649 -1.0952454735525 -1.16826183845599 -1.24127820335949 -1.31429456826299
-0.450608307961375 -0.500675897734861 -0.550743487508347 -0.600811077281833 0.450608307961375 -0.700946256828805 -0.751013846602291 -0.801081436375777 -0.851149026149263 -0.901216615922749
1.11293388577178 1.23659320641309 1.3602525270544 1.48391184769571 -1.11293388577178 1.73123048897833 1.85488980961964 1.97854913026094 2.10220845090225 2.22586777154356
2.64084769366309 2.93427521518121 3.22770273669933 3.52113025821745 -2.64084769366309 4.1079853012537 4.40141282277182 4.69484034428994 4.98826786580806 5.28169538732618
-1.2304838639684 -1.36720429329822 -1.50392472262805 -1.64064515195787 1.2304838639684 -1.91408601061751 -2.05080643994734 -2.18752686927716 -2.32424729860698 -2.4609677279368
2.62113149603829 2.91236832893143 3.20360516182457 3.49484199471772 -2.62113149603829 4.077315660504 4.36855249339715 4.65978932629029 4.95102615918343 5.24226299207658
-2.90523511776701 -3.22803901974112 -3.55084292171523 -3.87364682368934 2.90523511776701 -4.51925462763757 -4.84205852961168 -5.16486243158579 -5.4876663335599 -5.81047023553401
-2.01731892395765 -2.24146547106405 -2.46561201817046 -2.68975856527686 2.01731892395765 -3.13805165948967 -3.36219820659608 -3.58634475370248 -3.81049130080889 -4.03463784791529
2.17544030304998 2.41715589227776 2.65887148150553 2.90058707073331 -2.17544030304998 3.38401824918886 3.62573383841664 3.86744942764441 4.10916501687219 4.35088060609996
2.05526812188327 2.28363124653697 2.51199437119067 2.74035749584436 -2.05526812188327 3.19708374515176 3.42544686980545 3.65380999445915 3.88217311911285 4.11053624376655
-0.113422641064972 -0.126025156738857 -0.138627672412743 -0.151230188086629 0.113422641064972 -0.1764352194344 -0.189037735108286 -0.201640250782172 -0.214242766456058 -0.226845282129943
-1.50413990858942 -1.67126656509936 -1.83839322160929 -2.00551987811923 1.50413990858942 -2.3397731911391 -2.50689984764904 -2.67402650415897 -2.84115316066891 -3.00827981717885
-2.35388061404228 -2.61542290449142 -2.87696519494057 -3.13850748538971 2.35388061404228 -3.66159206628799 -3.92313435673714 -4.18467664718628 -4.44621893763542 -4.70776122808456
-0.270800893194973 -0.300889881327748 -0.330978869460523 -0.361067857593298 0.270800893194973 -0.421245833858848 -0.451334821991622 -0.481423810124397 -0.511512798257172 -0.541601786389947
-1.04757884563878 -1.1639764951542 -1.28037414466962 -1.39677179418504 1.04757884563878 -1.62956709321588 -1.7459647427313 -1.86236239224672 -1.97876004176214 -2.09515769127756
0.254903420805931 0.283226023117701 0.311548625429471 0.339871227741241 -0.254903420805931 0.396516432364782 0.424839034676552 0.453161636988322 0.481484239300092 0.509806841611862
-2.08455517189577 -2.31617241321752 -2.54778965453928 -2.77940689586103 2.08455517189577 -3.24264137850453 -3.47425861982629 -3.70587586114804 -3.93749310246979 -4.16911034379154
-1.0539299659431 -1.17103329549233 -1.28813662504156 -1.4052399545908 1.0539299659431 -1.63944661368926 -1.7565499432385 -1.87365327278773 -1.99075660233696 -2.1078599318862
1.54603060567752 1.71781178408613 1.88959296249474 2.06137414090335 -1.54603060567752 2.40493649772058 2.57671767612919 2.7484988545378 2.92028003294642 3.09206121135503
0.130846167448908 0.145384630498787 0.159923093548665 0.174461556598544 -0.130846167448908 0.203538482698301 0.21807694574818 0.232615408798059 0.247153871847937 0.261692334897816
-1.00657193083316 -1.11841325648129 -1.23025458212942 -1.34209590777755 1.00657193083316 -1.56577855907381 -1.67761988472193 -1.78946121037006 -1.90130253601819 -2.01314386166632
0.0848340829834342 0.0942600922038158 0.103686101424197 0.113112110644579 -0.0848340829834342 0.131964129085342 0.141390138305724 0.150816147526105 0.160242156746487 0.169668165966868
-1.14269244018942 -1.26965826687713 -1.39662409356485 -1.52358992025256 1.14269244018942 -1.77752157362799 -1.9044874003157 -2.03145322700342 -2.15841905369113 -2.28538488037884
2.10215689335018 2.3357298815002 2.56930286965023 2.80287585780025 -2.10215689335018 3.27002183410029 3.50359482225031 3.73716781040033 3.97074079855035 4.20431378670037
-2.04106325050816 -2.26784805612018 -2.4946328617322 -2.72141766734421 2.04106325050816 -3.17498727856825 -3.40177208418027 -3.62855688979228 -3.8553416954043 -4.08212650101632
2.0173792722635 2.24153252473722 2.46568577721094 2.68983902968466 -2.0173792722635 3.13814553463211 3.36229878710583 3.58645203957955 3.81060529205327 4.03475854452699
-1.51936100050807 -1.68817888945341 -1.85699677839875 -2.02581466734409 1.51936100050807 -2.36345044523478 -2.53226833418012 -2.70108622312546 -2.8699041120708 -3.03872200101614
0.529846368357539 0.588718187063932 0.647590005770326 0.706461824476719 -0.529846368357539 0.824205461889505 0.883077280595899 0.941949099302292 1.00082091800869 1.05969273671508
2.19757233280689 2.4417470364521 2.6859217400973 2.93009644374251 -2.19757233280689 3.41844585103293 3.66262055467814 3.90679525832335 4.15096996196856 4.39514466561377
-0.943293313030154 -1.04810368114462 -1.15291404925908 -1.25772441737354 0.943293313030154 -1.46734515360246 -1.57215552171692 -1.67696588983138 -1.78177625794585 -1.88658662606031
1.29078277526423 1.43420308362693 1.57762339198962 1.72104370035231 -1.29078277526423 2.0078843170777 2.15130462544039 2.29472493380308 2.43814524216577 2.58156555052847
2.27070090640336 2.52300100711485 2.77530110782633 3.02760120853782 -2.27070090640336 3.53220140996079 3.78450151067227 4.03680161138376 4.28910171209524 4.54140181280673
2.04831271944568 2.27590302160631 2.50349332376694 2.73108362592757 -2.04831271944568 3.18626423024883 3.41385453240946 3.64144483457009 3.86903513673072 4.09662543889135
0.0615473943762481 0.0683859937513868 0.0752245931265255 0.0820631925016642 -0.0615473943762481 0.0957403912519415 0.10257899062708 0.109417590002219 0.116256189377358 0.123094788752496
-0.371213222388178 -0.412459135986865 -0.453705049585551 -0.494950963184237 0.371213222388178 -0.57744279038161 -0.618688703980297 -0.659934617578983 -0.70118053117767 -0.742426444776356
-2.06990784639493 -2.29989760710547 -2.52988736781602 -2.75987712852657 2.06990784639493 -3.21985664994766 -3.44984641065821 -3.67983617136876 -3.9098259320793 -4.13981569278985
1.63415729021654 1.81573032246282 1.9973033547091 2.17887638695538 -1.63415729021654 2.54202245144794 2.72359548369423 2.90516851594051 3.08674154818679 3.26831458043307
0.481131243053824 0.534590270059804 0.588049297065785 0.641508324071765 -0.481131243053824 0.748426378083726 0.801885405089706 0.855344432095687 0.908803459101667 0.962262486107647
-0.839084860403091 -0.93231651155899 -1.02554816271489 -1.11877981387079 0.839084860403091 -1.30524311618259 -1.39847476733848 -1.49170641849438 -1.58493806965028 -1.67816972080618
-1.55185998603702 -1.72428887337446 -1.89671776071191 -2.06914664804935 1.55185998603702 -2.41400442272425 -2.58643331006169 -2.75886219739914 -2.93129108473659 -3.10371997207403
0.0328658991493285 0.0365176657214761 0.0401694322936237 0.0438211988657713 -0.0328658991493285 0.0511247320100665 0.0547764985822141 0.0584282651543617 0.0620800317265093 0.0657317982986569
1.73824923299253 1.93138803665837 2.1245268403242 2.31766564399004 -1.73824923299253 2.70394325132171 2.89708205498755 3.09022085865339 3.28335966231922 3.47649846598506
1.00548252090812 1.11720280100902 1.22892308110992 1.34064336121082 -1.00548252090812 1.56408392141263 1.67580420151353 1.78752448161443 1.89924476171533 2.01096504181623
-0.395941700320691 -0.439935222578545 -0.4839287448364 -0.527922267094254 0.395941700320691 -0.615909311609964 -0.659902833867818 -0.703896356125673 -0.747889878383527 -0.791883400641382
-2.07079399796203 -2.30088221995781 -2.53097044195359 -2.76105866394937 2.07079399796203 -3.22123510794093 -3.45132332993671 -3.68141155193249 -3.91149977392827 -4.14158799592406
1.01596908085048 1.12885453427831 1.24173998770614 1.35462544113398 -1.01596908085048 1.58039634798964 1.69328180141747 1.8061672548453 1.91905270827313 2.03193816170096
2.81912877224386 3.13236530249318 3.44560183274249 3.75883836299181 -2.81912877224386 4.38531142349045 4.69854795373976 5.01178448398908 5.3250210142384 5.63825754448771
-1.51958639826626 -1.68842933140695 -1.85727226454765 -2.02611519768834 1.51958639826626 -2.36380106396973 -2.53264399711043 -2.70148693025112 -2.87032986339182 -3.03917279653251
-1.89291651640087 -2.10324057377875 -2.31356463115662 -2.5238886885345 1.89291651640087 -2.94453680329025 -3.15486086066812 -3.365184918046 -3.57550897542387 -3.78583303280175
-0.921070931944996 -1.02341214660555 -1.12575336126611 -1.22809457592666 0.921070931944996 -1.43277700524777 -1.53511821990833 -1.63745943456888 -1.73980064922944 -1.84214186388999
-2.85487964143977 -3.17208849048863 -3.48929733953749 -3.80650618858635 2.85487964143977 -4.44092388668408 -4.75813273573294 -5.07534158478181 -5.39255043383067 -5.70975928287953
2.85117103625089 3.16796781805654 3.4847645998622 3.80156138166785 -2.85117103625089 4.43515494527916 4.75195172708482 5.06874850889047 5.38554529069612 5.70234207250178
0.819955083075911 0.911061203417679 1.00216732375945 1.09327344410121 -0.819955083075911 1.27548568478475 1.36659180512652 1.45769792546829 1.54880404581005 1.63991016615182
0.999509119894356 1.11056568877151 1.22162225764866 1.33267882652581 -0.999509119894356 1.55479196428011 1.66584853315726 1.77690510203441 1.88796167091156 1.99901823978871
1.76658236794174 1.96286929771304 2.15915622748435 2.35544315725565 -1.76658236794174 2.74801701679826 2.94430394656956 3.14059087634087 3.33687780611217 3.53316473588347
-0.210106702521443 -0.233451891690493 -0.256797080859542 -0.280142270028591 0.210106702521443 -0.32683264836669 -0.350177837535739 -0.373523026704788 -0.396868215873837 -0.420213405042887
-2.12750692572445 -2.36389658413827 -2.6002862425521 -2.83667590096593 2.12750692572445 -3.30945521779358 -3.54584487620741 -3.78223453462124 -4.01862419303507 -4.25501385144889
0.120645867660642 0.13405096406738 0.147456060474118 0.160861156880856 -0.120645867660642 0.187671349694331 0.201076446101069 0.214481542507807 0.227886638914545 0.241291735321283
-2.44477534806356 -2.71641705340395 -2.98805875874435 -3.25970046408474 2.44477534806356 -3.80298387476554 -4.07462558010593 -4.34626728544633 -4.61790899078672 -4.88955069612712
-1.24792707525194 -1.38658563916882 -1.5252442030857 -1.66390276700258 1.24792707525194 -1.94121989483635 -2.07987845875323 -2.21853702267011 -2.35719558658699 -2.49585415050387
-0.10568837961182 -0.117431532902022 -0.129174686192224 -0.140917839482427 0.10568837961182 -0.164404146062831 -0.176147299353033 -0.187890452643236 -0.199633605933438 -0.21137675922364
1.93574723415077 2.15083026016752 2.36591328618427 2.58099631220102 -1.93574723415077 3.01116236423453 3.22624539025128 3.44132841626803 3.65641144228478 3.87149446830153
-2.91211387887597 -3.23568208763997 -3.55925029640396 -3.88281850516796 2.91211387887597 -4.52995492269595 -4.85352313145995 -5.17709134022395 -5.50065954898794 -5.82422775775194
0.227100019343197 0.252333354825775 0.277566690308352 0.30280002579093 -0.227100019343197 0.353266696756085 0.378500032238662 0.40373336772124 0.428966703203817 0.454200038686395
2.51293447427452 2.79214941586057 3.07136435744663 3.35057929903269 -2.51293447427452 3.9090091822048 4.18822412379086 4.46743906537692 4.74665400696297 5.02586894854903
0.429394996259362 0.477105551399291 0.52481610653922 0.572526661679149 -0.429394996259362 0.667947771959007 0.715658327098936 0.763368882238865 0.811079437378794 0.858789992518723
1.30365384416655 1.44850427129616 1.59335469842578 1.7382051255554 -1.30365384416655 2.02790597981463 2.17275640694425 2.31760683407386 2.46245726120348 2.60730768833309
1.44072422850877 1.60080469834308 1.76088516817739 1.92096563801169 -1.44072422850877 2.24112657768031 2.40120704751462 2.56128751734893 2.72136798718323 2.88144845701754
0.0252228467725217 0.0280253853028019 0.0308279238330821 0.0336304623633623 -0.0252228467725217 0.0392355394239227 0.0420380779542029 0.0448406164844831 0.0476431550147633 0.0504456935450435
-0.0467346338555217 -0.0519273709505796 -0.0571201080456376 -0.0623128451406956 0.0467346338555217 -0.0726983193308115 -0.0778910564258695 -0.0830837935209274 -0.0882765306159854 -0.0934692677110434
1.52566891908646 1.69518768787384 1.86470645666122 2.03422522544861 -1.52566891908646 2.37326276302338 2.54278153181076 2.71230030059814 2.88181906938553 3.05133783817291
2.7036402001977 3.00404466688633 3.30444913357496 3.6048536002636 -2.7036402001977 4.20566253364086 4.50606700032949 4.80647146701813 5.10687593370676 5.40728040039539
-2.02412530593574 -2.24902811770638 -2.47393092947702 -2.69883374124765 2.02412530593574 -3.14863936478893 -3.37354217655957 -3.5984449883302 -3.82334780010084 -4.04825061187148
1.26758446823806 1.40842718693117 1.54926990562429 1.69011262431741 -1.26758446823806 1.97179806170364 2.11264078039676 2.25348349908988 2.39432621778299 2.53516893647611
-1.25017603766173 -1.38908448629081 -1.52799293491989 -1.66690138354897 1.25017603766173 -1.94471828080714 -2.08362672943622 -2.2225351780653 -2.36144362669438 -2.50035207532346
-1.24506445974112 -1.38340495526791 -1.5217454507947 -1.66008594632149 1.24506445974112 -1.93676693737507 -2.07510743290186 -2.21344792842865 -2.35178842395544 -2.49012891948223
-0.375157420523465 -0.416841578359405 -0.458525736195346 -0.500209894031286 0.375157420523465 -0.583578209703167 -0.625262367539108 -0.666946525375048 -0.708630683210989 -0.750314841046929
1.21329485625029 1.34810539583365 1.48291593541702 1.61772647500038 -1.21329485625029 1.88734755416711 2.02215809375048 2.15696863333384 2.29177917291721 2.42658971250057
-0.726296916604042 -0.806996574004491 -0.88769623140494 -0.968395888805389 0.726296916604042 -1.12979520360629 -1.21049486100674 -1.29119451840719 -1.37189417580764 -1.45259383320808
-1.0851799515076 -1.20575550167511 -1.32633105184262 -1.44690660201013 1.0851799515076 -1.68805770234515 -1.80863325251266 -1.92920880268017 -2.04978435284769 -2.1703599030152
0.764776172116399 0.849751302351554 0.93472643258671 1.01970156282187 -0.764776172116399 1.18965182329218 1.27462695352733 1.35960208376249 1.44457721399764 1.5295523442328
-0.147566397674382 -0.163962664082646 -0.180358930490911 -0.196755196899176 0.147566397674382 -0.229547729715705 -0.24594399612397 -0.262340262532234 -0.278736528940499 -0.295132795348763
0.602623622864485 0.669581803182761 0.736539983501037 0.803498163819313 -0.602623622864485 0.937414524455865 1.00437270477414 1.07133088509242 1.13828906541069 1.20524724572897
1.1894603879191 1.32162265324344 1.45378491856779 1.58594718389213 -1.1894603879191 1.85027171454082 1.98243397986516 2.11459624518951 2.24675851051385 2.3789207758382
1.0228578611277 1.13650873458634 1.25015960804497 1.36381048150361 -1.0228578611277 1.59111222842087 1.70476310187951 1.81841397533814 1.93206484879677 2.04571572225541
-1.1188429472968 -1.24315883032978 -1.36747471336275 -1.49179059639573 1.1188429472968 -1.74042236246169 -1.86473824549466 -1.98905412852764 -2.11337001156062 -2.2376858945936
2.17620601784438 2.41800668649375 2.65980735514313 2.90160802379251 -2.17620601784438 3.38520936109126 3.62701002974063 3.86881069839001 4.11061136703938 4.35241203568876
-0.027595900464803 -0.0306621116275589 -0.0337283227903148 -0.0367945339530706 0.027595900464803 -0.0429269562785824 -0.0459931674413383 -0.0490593786040942 -0.0521255897668501 -0.055191800929606
2.50105726579204 2.77895251754671 3.05684776930139 3.33474302105606 -2.50105726579204 3.8905335245654 4.16842877632007 4.44632402807474 4.72421927982941 5.00211453158408
0.48679985711351 0.540888730126123 0.594977603138735 0.649066476151347 -0.48679985711351 0.757244222176572 0.811333095189184 0.865421968201796 0.919510841214408 0.973599714227021
1.17318468634039 1.30353854037821 1.43389239441603 1.56424624845386 -1.17318468634039 1.8249539565295 1.95530781056732 2.08566166460514 2.21601551864296 2.34636937268078
-2.30291199591011 -2.55879110656679 -2.81467021722347 -3.07054932788014 2.30291199591011 -3.5823075491935 -3.83818665985018 -4.09406577050686 -4.34994488116354 -4.60582399182022
0.539150740485638 0.599056378317376 0.658962016149114 0.718867653980851 -0.539150740485638 0.838678929644326 0.898584567476064 0.958490205307801 1.01839584313954 1.07830148097128
2.63358548423275 2.92620609359195 3.21882670295114 3.51144731231034 -2.63358548423275 4.09668853102873 4.38930914038792 4.68192974974712 4.97455035910631 5.26717096846551
-0.554463341832161 -0.616070379813512 -0.677677417794863 -0.739284455776215 0.554463341832161 -0.862498531738917 -0.924105569720268 -0.985712607701619 -1.04731964568297 -1.10892668366432
1.00607951916754 1.11786613240838 1.22965274564922 1.34143935889006 -1.00607951916754 1.56501258537173 1.67679919861257 1.78858581185341 1.90037242509425 2.01215903833508
-1.91497844830155 -2.12775383144617 -2.34052921459079 -2.5533045977354 1.91497844830155 -2.97885536402464 -3.19163074716926 -3.40440613031387 -3.61718151345849 -3.82995689660311
-2.42618287168443 -2.69575874631604 -2.96533462094764 -3.23491049557924 2.42618287168443 -3.77406224484245 -4.04363811947405 -4.31321399410566 -4.58278986873726 -4.85236574336886
-0.0228022928349674 -0.0253358809277415 -0.0278694690205157 -0.0304030571132898 0.0228022928349674 -0.0354702332988381 -0.0380038213916123 -0.0405374094843864 -0.0430709975771606 -0.0456045856699347
2.40847379062325 2.67608198958139 2.94369018853953 3.21129838749766 -2.40847379062325 3.74651478541394 4.01412298437208 4.28173118333022 4.54933938228836 4.8169475812465
2.86398615734652 3.18220684149613 3.50042752564574 3.81864820979536 -2.86398615734652 4.45508957809458 4.77331026224419 5.09153094639381 5.40975163054342 5.72797231469303
-2.76145332679152 -3.06828147421281 -3.37510962163409 -3.68193776905537 2.76145332679152 -4.29559406389793 -4.60242221131921 -4.90925035874049 -5.21607850616177 -5.52290665358305
1.33434279542416 1.48260310602685 1.63086341662953 1.77912372723222 -1.33434279542416 2.07564434843759 2.22390465904027 2.37216496964296 2.52042528024564 2.66868559084833
1.71127597242594 1.90141774713993 2.09155952185392 2.28170129656792 -1.71127597242594 2.6619848459959 2.8521266207099 3.04226839542389 3.23241017013788 3.42255194485188
2.04758526943624 2.27509474381804 2.50260421819985 2.73011369258165 -2.04758526943624 3.18513264134526 3.41264211572707 3.64015159010887 3.86766106449068 4.09517053887248
0.148129118140787 0.164587909045319 0.181046699949851 0.197505490854383 -0.148129118140787 0.230423072663446 0.246881863567978 0.26334065447251 0.279799445377042 0.296258236281574
-0.261463006027043 -0.290514451141159 -0.319565896255275 -0.34861734136939 0.261463006027043 -0.406720231597622 -0.435771676711738 -0.464823121825854 -0.49387456693997 -0.522926012054086
-0.832411474082619 -0.924901637869577 -1.01739180165653 -1.10988196544349 0.832411474082619 -1.29486229301741 -1.38735245680436 -1.47984262059132 -1.57233278437828 -1.66482294816524
1.80762225016952 2.00846916685502 2.20931608354052 2.41016300022602 -1.80762225016952 2.81185683359702 3.01270375028253 3.21355066696803 3.41439758365353 3.61524450033903
1.09133459022269 1.21259398913632 1.33385338804995 1.45511278696358 -1.09133459022269 1.69763158479085 1.81889098370448 1.94015038261811 2.06140978153174 2.18266918044537
1.10520152561367 1.2280016951263 1.35080186463892 1.47360203415155 -1.10520152561367 1.71920237317681 1.84200254268944 1.96480271220207 2.0876028817147 2.21040305122733
-0.833274111617357 -0.925860124019285 -1.01844613642121 -1.11103214882314 0.833274111617357 -1.296204173627 -1.38879018602893 -1.48137619843086 -1.57396221083278 -1.66654822323471
1.49395324196666 1.65994804662963 1.82594285129259 1.99193765595555 -1.49395324196666 2.32392726528148 2.48992206994444 2.6559168746074 2.82191167927037 2.98790648393333
-0.703796791378409 -0.781996434864899 -0.860196078351388 -0.938395721837878 0.703796791378409 -1.09479500881086 -1.17299465229735 -1.25119429578384 -1.32939393927033 -1.40759358275682
2.43816159758717 2.70906844176352 2.97997528593987 3.25088213011622 -2.43816159758717 3.79269581846893 4.06360266264528 4.33450950682163 4.60541635099798 4.87632319517434
-0.204857401549816 -0.227619335055351 -0.250381268560886 -0.273143202066422 0.204857401549816 -0.318667069077492 -0.341429002583027 -0.364190936088562 -0.386952869594097 -0.409714803099632
2.16258593648672 2.40287326276302 2.64316058903933 2.88344791531563 -2.16258593648672 3.36402256786823 3.60430989414453 3.84459722042084 4.08488454669714 4.32517187297344
1.30845893500373 1.45384326111525 1.59922758722678 1.7446119133383 -1.30845893500373 2.03538056556135 2.18076489167288 2.3261492177844 2.47153354389593 2.61691787000746
-2.4940854893066 -2.77120609922955 -3.04832670915251 -3.32544731907547 2.4940854893066 -3.87968853892138 -4.15680914884433 -4.43392975876729 -4.71105036869024 -4.9881709786132
2.96546681597829 3.29496312886477 3.62445944175124 3.95395575463772 -2.96546681597829 4.61294838041067 4.94244469329715 5.27194100618362 5.6014373190701 5.93093363195658
-0.232348070014268 -0.258164522238076 -0.283980974461883 -0.309797426685691 0.232348070014268 -0.361430331133306 -0.387246783357114 -0.413063235580921 -0.438879687804729 -0.464696140028536
0.745844192337245 0.828715769263605 0.911587346189966 0.994458923116326 -0.745844192337245 1.16020207696905 1.24307365389541 1.32594523082177 1.40881680774813 1.49168838467449
-2.12164749065414 -2.35738610072682 -2.59312471079951 -2.82886332087219 2.12164749065414 -3.30034054101755 -3.53607915109023 -3.77181776116292 -4.0075563712356 -4.24329498130828
0.143738263752311 0.159709181947013 0.175680100141714 0.191651018336415 -0.143738263752311 0.223592854725818 0.239563772920519 0.25553469111522 0.271505609309922 0.287476527504623
1.0213041678071 1.13478240867456 1.24826064954201 1.36173889040947 -1.0213041678071 1.58869537214438 1.70217361301184 1.81565185387929 1.92913009474675 2.0426083356142
-0.786219987552613 -0.873577763947348 -0.960935540342083 -1.04829331673682 0.786219987552613 -1.22300886952629 -1.31036664592102 -1.39772442231576 -1.48508219871049 -1.57243997510523
1.99624651763588 2.21805168626209 2.4398568548883 2.66166202351451 -1.99624651763588 3.10527236076693 3.32707752939314 3.54888269801935 3.77068786664555 3.99249303527176
-1.75542498193681 -1.95047220215201 -2.14551942236722 -2.34056664258242 1.75542498193681 -2.73066108301282 -2.92570830322802 -3.12075552344322 -3.31580274365842 -3.51084996387362
-0.710954492446035 -0.78994943605115 -0.868944379656265 -0.94793932326138 0.710954492446035 -1.10592921047161 -1.18492415407673 -1.26391909768184 -1.34291404128696 -1.42190898489207
-0.29242906998843 -0.324921188876033 -0.357413307763636 -0.389905426651239 0.29242906998843 -0.454889664426446 -0.487381783314049 -0.519873902201653 -0.552366021089256 -0.584858139976859
-1.01218771236017 -1.12465301373353 -1.23711831510688 -1.34958361648023 1.01218771236017 -1.57451421922694 -1.68697952060029 -1.79944482197364 -1.91191012334699 -2.02437542472035
0.719361021649092 0.799290024054547 0.879219026460002 0.959148028865457 -0.719361021649092 1.11900603367637 1.19893503608182 1.27886403848728 1.35879304089273 1.43872204329818
-1.75703915487975 -1.95226572764417 -2.14749230040858 -2.342718873173 1.75703915487975 -2.73317201870183 -2.92839859146625 -3.12362516423066 -3.31885173699508 -3.5140783097595
-2.20994415739551 -2.45549350821724 -2.70104285903896 -2.94659220986068 2.20994415739551 -3.43769091150413 -3.68324026232585 -3.92878961314758 -4.1743389639693 -4.41988831479102
-2.70623620552942 -3.00692911725491 -3.3076220289804 -3.6083149407059 2.70623620552942 -4.20970076415688 -4.51039367588237 -4.81108658760786 -5.11177949933335 -5.41247241105884
-2.45317445788532 -2.72574939765036 -2.9983243374154 -3.27089927718043 2.45317445788532 -3.81604915671051 -4.08862409647554 -4.36119903624058 -4.63377397600561 -4.90634891577065
-1.3243980333209 -1.47155337035656 -1.61870870739222 -1.76586404442787 1.3243980333209 -2.06017471849918 -2.20733005553484 -2.3544853925705 -2.50164072960615 -2.64879606664181
2.33793383371085 2.59770425967872 2.85747468564659 3.11724511161447 -2.33793383371085 3.63678596355021 3.89655638951808 4.15632681548595 4.41609724145383 4.6758676674217
-0.434631970245391 -0.482924411383768 -0.531216852522145 -0.579509293660522 0.434631970245391 -0.676094175937275 -0.724386617075652 -0.772679058214029 -0.820971499352405 -0.869263940490782
-0.325354169122875 -0.36150463235875 -0.397655095594625 -0.4338055588305 0.325354169122875 -0.50610648530225 -0.542256948538125 -0.578407411773999 -0.614557875009874 -0.650708338245749
2.27612408157438 2.52902675730487 2.78192943303535 3.03483210876584 -2.27612408157438 3.54063746022681 3.7935401359573 4.04644281168779 4.29934548741827 4.55224816314876
1.05818484211341 1.17576093568156 1.29333702924972 1.41091312281787 -1.05818484211341 1.64606530995419 1.76364140352234 1.8812174970905 1.99879359065865 2.11636968422681
-1.66466689808294 -1.84962988675882 -2.03459287543471 -2.21955586411059 1.66466689808294 -2.58948184146235 -2.77444483013824 -2.95940781881412 -3.14437080749 -3.32933379616588
1.16182863945141 1.29092071050157 1.42001278155173 1.54910485260189 -1.16182863945141 1.8072889947022 1.93638106575236 2.06547313680251 2.19456520785267 2.32365727890283
-1.44970744242892 -1.61078604714324 -1.77186465185756 -1.93294325657189 1.44970744242892 -2.25510046600054 -2.41617907071486 -2.57725767542918 -2.73833628014351 -2.89941488485783
0.0712069147266448 0.0791187941407164 0.087030673554788 0.0949425529688597 -0.0712069147266448 0.110766311797003 0.118678191211075 0.126590070625146 0.134501950039218 0.14241382945329
0.911842898000032 1.01315877555559 1.11447465311115 1.21579053066671 -0.911842898000032 1.41842228577783 1.51973816333339 1.62105404088895 1.7223699184445 1.82368579600006
-2.57539429469034 -2.8615492163226 -3.14770413795486 -3.43385905958712 2.57539429469034 -4.00616890285164 -4.2923238244839 -4.57847874611616 -4.86463366774842 -5.15078858938068
2.85307111032307 3.17007901147008 3.48708691261709 3.8040948137641 -2.85307111032307 4.43811061605811 4.75511851720512 5.07212641835213 5.38913431949914 5.70614222064614
0.39719507843256 0.441327864925067 0.485460651417573 0.52959343791008 -0.39719507843256 0.617859010895093 0.6619917973876 0.706124583880107 0.750257370372613 0.79439015686512
0.948737783823162 1.05415309313685 1.15956840245053 1.26498371176422 -0.948737783823162 1.47581433039159 1.58122963970527 1.68664494901896 1.79206025833264 1.89747556764632
0.695897530764341 0.773219478627046 0.850541426489751 0.927863374352455 -0.695897530764341 1.08250727007786 1.15982921794057 1.23715116580327 1.31447311366598 1.39179506152868
1.11101102968678 1.23445669965198 1.35790236961717 1.48134803958237 -1.11101102968678 1.72823937951277 1.85168504947796 1.97513071944316 2.09857638940836 2.22202205937356
1.90225742664188 2.11361936293542 2.32498129922897 2.53634323552251 -1.90225742664188 2.95906710810959 3.17042904440314 3.38179098069668 3.59315291699022 3.80451485328376
2.54943734267727 2.83270815853029 3.11597897438332 3.39924979023635 -2.54943734267727 3.96579142194241 4.24906223779544 4.53233305364847 4.8156038695015 5.09887468535453
-1.36611672816798 -1.5179074757422 -1.66969822331642 -1.82148897089064 1.36611672816798 -2.12507046603908 -2.2768612136133 -2.42865196118752 -2.58044270876174 -2.73223345633596
2.33531610528007 2.59479567253341 2.85427523978675 3.1137548070401 -2.33531610528007 3.63271394154678 3.89219350880012 4.15167307605346 4.4111526433068 4.67063221056014
-1.44658986339346 -1.60732207043717 -1.76805427748089 -1.92878648452461 1.44658986339346 -2.25025089861204 -2.41098310565576 -2.57171531269948 -2.73244751974319 -2.89317972678691
-2.63812997052446 -2.93125552280496 -3.22438107508545 -3.51750662736595 2.63812997052446 -4.10375773192694 -4.39688328420743 -4.69000883648793 -4.98313438876842 -5.27625994104892
0.771432765293866 0.857147516993185 0.942862268692503 1.02857702039182 -0.771432765293866 1.20000652379046 1.28572127548978 1.3714360271891 1.45715077888841 1.54286553058773
-2.53357549896464 -2.81508388773849 -3.09659227651234 -3.37810066528618 2.53357549896464 -3.94111744283388 -4.22262583160773 -4.50413422038158 -4.78564260915543 -5.06715099792928
-0.851423737127334 -0.946026374585927 -1.04062901204452 -1.13523164950311 0.851423737127334 -1.3244369244203 -1.41903956187889 -1.51364219933748 -1.60824483679608 -1.70284747425467
-2.8271864997223 -3.14131833302478 -3.45545016632726 -3.76958199962974 2.8271864997223 -4.39784566623469 -4.71197749953717 -5.02610933283965 -5.34024116614213 -5.6543729994446
1.27890767063946 1.42100852293273 1.563109375226 1.70521022751927 -1.27890767063946 1.98941193210582 2.13151278439909 2.27361363669236 2.41571448898564 2.55781534127891
0.4491374976933 0.499041664103667 0.548945830514034 0.5988499969244 -0.4491374976933 0.698658329745134 0.7485624961555 0.798466662565867 0.848370828976234 0.8982749953866
-2.83205965301022 -3.14673294778913 -3.46140624256805 -3.77607953734696 2.83205965301022 -4.40542612690479 -4.7200994216837 -5.03477271646261 -5.34944601124153 -5.66411930602044
-2.34847819525748 -2.60942021695276 -2.87036223864804 -3.13130426034331 2.34847819525748 -3.65318830373387 -3.91413032542914 -4.17507234712442 -4.43601436881969 -4.69695639051497
2.32491075340658 2.58323417045176 2.84155758749694 3.09988100454211 -2.32491075340658 3.61652783863246 3.87485125567764 4.13317467272282 4.39149808976799 4.64982150681317
-1.83708133455366 -2.0412014828374 -2.24532163112114 -2.44944177940488 1.83708133455366 -2.85768207597236 -3.0618022242561 -3.26592237253984 -3.47004252082358 -3.67416266910732
2.79628451401368 3.10698279334853 3.41768107268338 3.72837935201824 -2.79628451401368 4.34977591068794 4.6604741900228 4.97117246935765 5.2818707486925 5.59256902802736
-1.61049609817564 -1.78944010908405 -1.96838411999245 -2.14732813090086 1.61049609817564 -2.50521615271767 -2.68416016362607 -2.86310417453448 -3.04204818544288 -3.22099219635129
-1.16559499874711 -1.29510555416346 -1.4246161095798 -1.55412666499615 1.16559499874711 -1.81314777582884 -1.94265833124518 -2.07216888666153 -2.20167944207788 -2.33118999749422
1.80971377668902 2.01079308521003 2.21187239373103 2.41295170225203 -1.80971377668902 2.81511031929404 3.01618962781504 3.21726893633604 3.41834824485704 3.61942755337805
2.42303584003821 2.6922620444869 2.96148824893559 3.23071445338428 -2.42303584003821 3.76916686228166 4.03839306673035 4.30761927117904 4.57684547562773 4.84607168007642
-2.94855688652024 -3.27617431835582 -3.6037917501914 -3.93140918202698 2.94855688652024 -4.58664404569815 -4.91426147753373 -5.24187890936931 -5.56949634120489 -5.89711377304047
-0.815467892680317 -0.906075436311464 -0.99668297994261 -1.08729052357376 0.815467892680317 -1.26850561083605 -1.3591131544672 -1.44972069809834 -1.54032824172949 -1.63093578536063
1.09239566512406 1.21377296124895 1.33515025737385 1.45652755349874 -1.09239566512406 1.69928214574854 1.82065944187343 1.94203673799833 2.06341403412322 2.18479133024812
-0.800940527580678 -0.889933919534087 -0.978927311487496 -1.0679207034409 0.800940527580678 -1.24590748734772 -1.33490087930113 -1.42389427125454 -1.51288766320795 -1.60188105516136
0.3944883341901 0.438320371322334 0.482152408454567 0.525984445586801 -0.3944883341901 0.613648519851267 0.657480556983501 0.701312594115734 0.745144631247967 0.788976668380201
1.9146811212413 2.12742346804589 2.34016581485048 2.55290816165507 -1.9146811212413 2.97839285526425 3.19113520206884 3.40387754887342 3.61661989567801 3.8293622424826
1.66613999661058 1.85126666290065 2.03639332919071 2.22151999548078 -1.66613999661058 2.5917733280609 2.77689999435097 2.96202666064103 3.1471533269311 3.33227999322116
2.07387588266283 2.30430653629204 2.53473718992124 2.76516784355044 -2.07387588266283 3.22602915080885 3.45645980443805 3.68689045806726 3.91732111169646 4.14775176532567
-2.17996355379 -2.42218172643334 -2.66439989907667 -2.90661807172 2.17996355379 -3.39105441700667 -3.63327258965 -3.87549076229334 -4.11770893493667 -4.35992710758001
-1.98236979357898 -2.20263310397665 -2.42289641437431 -2.64315972477198 1.98236979357898 -3.08368634556731 -3.30394965596497 -3.52421296636264 -3.7444762767603 -3.96473958715796
0.607677548658103 0.675197276286781 0.742717003915459 0.810236731544137 -0.607677548658103 0.945276186801493 1.01279591443017 1.08031564205885 1.14783536968753 1.21535509731621
2.22206463944167 2.46896071049074 2.71585678153982 2.96275285258889 -2.22206463944167 3.45654499468704 3.70344106573611 3.95033713678519 4.19723320783426 4.44412927888334
1.12328185234219 1.24809094704688 1.37290004175156 1.49770913645625 -1.12328185234219 1.74732732586563 1.87213642057031 1.996945515275 2.12175460997969 2.24656370468438
2.99157782457769 3.32397536064188 3.65637289670606 3.98877043277025 -2.99157782457769 4.65356550489863 4.98596304096282 5.318360577027 5.65075811309119 5.98315564915538
2.01776601886377 2.24196224318196 2.46615846750016 2.69035469181836 -2.01776601886377 3.13874714045475 3.36294336477295 3.58713958909114 3.81133581340934 4.03553203772753
-1.19460867857561 -1.32734297619512 -1.46007727381463 -1.59281157143414 1.19460867857561 -1.85828016667316 -1.99101446429268 -2.12374876191219 -2.2564830595317 -2.38921735715121
-2.74763782136142 -3.0529309126238 -3.35822400388618 -3.66351709514856 2.74763782136142 -4.27410327767332 -4.5793963689357 -4.88468946019808 -5.18998255146046 -5.49527564272285
-0.688478990457952 -0.764976656064391 -0.84147432167083 -0.917971987277269 0.688478990457952 -1.07096731849015 -1.14746498409659 -1.22396264970303 -1.30046031530946 -1.3769579809159
-0.910561388824135 -1.01173487647126 -1.11290836411839 -1.21408185176551 0.910561388824135 -1.41642882705977 -1.51760231470689 -1.61877580235402 -1.71994929000114 -1.82112277764827
-2.98257053783163 -3.31396726425737 -3.64536399068311 -3.97676071710885 2.98257053783163 -4.63955416996032 -4.97095089638606 -5.30234762281179 -5.63374434923753 -5.96514107566327
0.237796142231673 0.26421793581297 0.290639729394267 0.317061522975564 -0.237796142231673 0.369905110138158 0.396326903719455 0.422748697300752 0.449170490882049 0.475592284463346
-2.57348064472899 -2.85942293858777 -3.14536523244654 -3.43130752630532 2.57348064472899 -4.00319211402287 -4.28913440788165 -4.57507670174042 -4.8610189955992 -5.14696128945798
2.25642136624083 2.5071348513787 2.75784833651657 3.00856182165444 -2.25642136624083 3.50998879193018 3.76070227706805 4.01141576220592 4.26212924734379 4.51284273248166
-2.56995554314926 -2.85550615905474 -3.14105677496021 -3.42660739086568 2.56995554314926 -3.99770862267663 -4.2832592385821 -4.56880985448758 -4.85436047039305 -5.13991108629853
-1.98990714875981 -2.21100794306646 -2.4321087373731 -2.65320953167975 1.98990714875981 -3.09541112029304 -3.31651191459969 -3.53761270890633 -3.75871350321298 -3.97981429751962
-0.469962045550346 -0.522180050611496 -0.574398055672646 -0.626616060733795 0.469962045550346 -0.731052070856094 -0.783270075917244 -0.835488080978394 -0.887706086039543 -0.939924091100693
-2.41427698871121 -2.6825299874569 -2.95078298620259 -3.21903598494828 2.41427698871121 -3.75554198243966 -4.02379498118535 -4.29204797993104 -4.56030097867673 -4.82855397742242
0.107602086849511 0.119557874277234 0.131513661704957 0.143469449132681 -0.107602086849511 0.167381023988128 0.179336811415851 0.191292598843575 0.203248386271298 0.215204173699021
1.84619877068326 2.05133196742584 2.25646516416843 2.46159836091101 -1.84619877068326 2.87186475439618 3.07699795113876 3.28213114788135 3.48726434462393 3.69239754136652
-1.39004892949015 -1.54449881054461 -1.69894869159907 -1.85339857265353 1.39004892949015 -2.16229833476245 -2.31674821581692 -2.47119809687138 -2.62564797792584 -2.7800978589803
-1.80345554184169 -2.00383949093521 -2.20422344002873 -2.40460738912225 1.80345554184169 -2.80537528730929 -3.00575923640281 -3.20614318549633 -3.40652713458985 -3.60691108368337
-1.16247150627896 -1.29163500697662 -1.42079850767429 -1.54996200837195 1.16247150627896 -1.80828900976727 -1.93745251046494 -2.0666160111626 -2.19577951186026 -2.32494301255792
0.70356804644689 0.781742273829877 0.859916501212865 0.938090728595853 -0.70356804644689 1.09443918336183 1.17261341074482 1.2507876381278 1.32896186551079 1.40713609289378
-2.17580095259473 -2.41755661399414 -2.65931227539356 -2.90106793679297 2.17580095259473 -3.3845792595918 -3.62633492099121 -3.86809058239063 -4.10984624379004 -4.35160190518945
2.30777557007968 2.56419507786632 2.82061458565295 3.07703409343958 -2.30777557007968 3.58987310901284 3.84629261679947 4.10271212458611 4.35913163237274 4.61555114015937
0.425666038412601 0.47296226490289 0.520258491393179 0.567554717883468 -0.425666038412601 0.662147170864046 0.709443397354334 0.756739623844624 0.804035850334913 0.851332076825202
-2.13301760656759 -2.37001956285288 -2.60702151913817 -2.84402347542346 2.13301760656759 -3.31802738799403 -3.55502934427932 -3.79203130056461 -4.0290332568499 -4.26603521313518
2.25913630239666 2.51015144710739 2.76116659181813 3.01218173652887 -2.25913630239666 3.51421202595035 3.76522717066109 4.01624231537183 4.26725746008257 4.51827260479331
-1.66270408965647 -1.84744898850719 -2.03219388735791 -2.21693878620863 1.66270408965647 -2.58642858391007 -2.77117348276079 -2.95591838161151 -3.14066328046222 -3.32540817931294
-1.02591571910307 -1.13990635455896 -1.25389699001486 -1.36788762547076 1.02591571910307 -1.59586889638255 -1.70985953183845 -1.82385016729434 -1.93784080275024 -2.05183143820614
0.42975218128413 0.477502423649033 0.525252666013936 0.573002908378839 -0.42975218128413 0.668503393108646 0.716253635473549 0.764003877838453 0.811754120203356 0.859504362568259
-0.470377380028367 -0.522641533364852 -0.574905686701338 -0.627169840037823 0.470377380028367 -0.731698146710793 -0.783962300047278 -0.836226453383764 -0.888490606720249 -0.940754760056734
0.930987254250795 1.03443028250088 1.13787331075097 1.24131633900106 -0.930987254250795 1.44820239550124 1.55164542375132 1.65508845200141 1.7585314802515 1.86197450850159
-0.343583635054529 -0.381759594505032 -0.419935553955535 -0.458111513406038 0.343583635054529 -0.534463432307045 -0.572639391757548 -0.610815351208051 -0.648991310658554 -0.687167270109057
0.480518052354455 0.533908947060506 0.587299841766556 0.640690736472607 -0.480518052354455 0.747472525884708 0.800863420590758 0.854254315296809 0.907645210002859 0.96103610470891
2.11307609360665 2.34786232622961 2.58264855885257 2.81743479147553 -2.11307609360665 3.28700725672146 3.52179348934442 3.75657972196738 3.99136595459034 4.2261521872133
2.92239211779088 3.24710235310098 3.57181258841107 3.89652282372117 -2.92239211779088 4.54594329434137 4.87065352965146 5.19536376496156 5.52007400027166 5.84478423558176
-0.98020626604557 -1.08911807338397 -1.19802988072236 -1.30694168806076 0.98020626604557 -1.52476530273755 -1.63367711007595 -1.74258891741435 -1.85150072475274 -1.96041253209114
1.16451270924881 1.29390301027646 1.4232933113041 1.55268361233175 -1.16451270924881 1.81146421438704 1.94085451541468 2.07024481644233 2.19963511746998 2.32902541849762
-2.09562774281949 -2.32847526979943 -2.56132279677937 -2.79417032375932 2.09562774281949 -3.2598653777192 -3.49271290469915 -3.72556043167909 -3.95840795865903 -4.19125548563898
2.61695166025311 2.9077240669479 3.19849647364269 3.48926888033748 -2.61695166025311 4.07081369372706 4.36158610042185 4.65235850711664 4.94313091381143 5.23390332050622
-2.7108273874037 -3.01203043044855 -3.31323347349341 -3.61443651653826 2.7108273874037 -4.21684260262797 -4.51804564567283 -4.81924868871768 -5.12045173176254 -5.42165477480739
-2.14667178690434 -2.38519087433815 -2.62370996177197 -2.86222904920578 2.14667178690434 -3.33926722407341 -3.57778631150722 -3.81630539894104 -4.05482448637486 -4.29334357380867
1.91504896664992 2.12783218516658 2.34061540368324 2.55339862219989 -1.91504896664992 2.97896505923321 3.19174827774987 3.40453149626652 3.61731471478318 3.83009793329984
1.32147585460916 1.46830650512129 1.61513715563342 1.76196780614555 -1.32147585460916 2.05562910716981 2.20245975768194 2.34929040819407 2.49612105870619 2.64295170921832
-1.70474740723148 -1.89416378581276 -2.08358016439403 -2.27299654297531 1.70474740723148 -2.65182930013786 -2.84124567871913 -3.03066205730041 -3.22007843588168 -3.40949481446296
1.93690763600171 2.15211959555745 2.3673315551132 2.58254351466894 -1.93690763600171 3.01296743378043 3.22817939333618 3.44339135289192 3.65860331244767 3.87381527200341
-2.3297306955792 -2.58858966175467 -2.84744862793013 -3.1063075941056 2.3297306955792 -3.62402552645653 -3.882884492632 -4.14174345880747 -4.40060242498294 -4.6594613911584
2.59437749907374 2.88264166563749 3.17090583220124 3.45916999876499 -2.59437749907374 4.03569833189249 4.32396249845624 4.61222666501999 4.90049083158374 5.18875499814749
-1.79417686024681 -1.99352984471867 -2.19288282919054 -2.39223581366241 1.79417686024681 -2.79094178260614 -2.99029476707801 -3.18964775154988 -3.38900073602175 -3.58835372049361
-1.57178437896073 -1.74642708773414 -1.92106979650756 -2.09571250528097 1.57178437896073 -2.4449979228278 -2.61964063160121 -2.79428334037463 -2.96892604914804 -3.14356875792146
-2.79574822448194 -3.10638691609104 -3.41702560770015 -3.72766429930925 2.79574822448194 -4.34894168252746 -4.65958037413657 -4.97021906574567 -5.28085775735478 -5.59149644896388
-1.97158978320658 -2.19065531467398 -2.40972084614138 -2.62878637760878 1.97158978320658 -3.06691744054357 -3.28598297201097 -3.50504850347837 -3.72411403494577 -3.94317956641316
0.348254569340497 0.386949521489441 0.425644473638386 0.46433942578733 -0.348254569340497 0.541729330085218 0.580424282234162 0.619119234383106 0.65781418653205 0.696509138680995
2.42344639403746 2.69271821559717 2.96199003715689 3.23126185871661 -2.42344639403746 3.76980550183604 4.03907732339576 4.30834914495548 4.57762096651519 4.84689278807491
-2.50038845976815 -2.77820939974238 -3.05603033971662 -3.33385127969086 2.50038845976815 -3.88949315963934 -4.16731409961358 -4.44513503958782 -4.72295597956205 -5.00077691953629
-1.99537156708539 -2.21707951898376 -2.43878747088214 -2.66049542278051 1.99537156708539 -3.10391132657727 -3.32561927847564 -3.54732723037402 -3.76903518227239 -3.99074313417077
2.26123084500432 2.51247871667147 2.76372658833861 3.01497446000576 -2.26123084500432 3.51747020334005 3.7687180750072 4.01996594667435 4.27121381834149 4.52246169000864
0.780466670170426 0.867185189078252 0.953903707986077 1.0406222268939 -0.780466670170426 1.21405926470955 1.30077778361738 1.3874963025252 1.47421482143303 1.56093334034085
-2.77884433837608 -3.08760482041786 -3.39636530245965 -3.70512578450143 2.77884433837608 -4.32264674858501 -4.63140723062679 -4.94016771266858 -5.24892819471036 -5.55768867675215
-0.700525858439505 -0.778362064932783 -0.856198271426062 -0.93403447791934 0.700525858439505 -1.0897068909059 -1.16754309739918 -1.24537930389245 -1.32321551038573 -1.40105171687901
-0.0336335641331971 -0.0373706268146634 -0.0411076894961298 -0.0448447521775961 0.0336335641331971 -0.0523188775405288 -0.0560559402219951 -0.0597930029034615 -0.0635300655849278 -0.0672671282663941
0.252558700740337 0.280620778600375 0.308682856460412 0.33674493432045 -0.252558700740337 0.392869090040525 0.420931167900562 0.4489932457606 0.477055323620637 0.505117401480675
-2.840553289745 -3.15617032193889 -3.47178735413278 -3.78740438632667 2.840553289745 -4.41863845071445 -4.73425548290834 -5.04987251510223 -5.36548954729612 -5.68110657949001
0.35006943019107 0.388966033545633 0.427862636900196 0.46675924025476 -0.35006943019107 0.544552446963886 0.58344905031845 0.622345653673013 0.661242257027576 0.70013886038214
0.146241086069494 0.162490095632772 0.178739105196049 0.194988114759326 -0.146241086069494 0.22748613388588 0.243735143449157 0.259984153012435 0.276233162575712 0.292482172138989
-2.42635551933199 -2.69595057703555 -2.9655456347391 -3.23514069244266 2.42635551933199 -3.77433080784976 -4.04392586555332 -4.31352092325687 -4.58311598096043 -4.85271103866398
-2.05559631949291 -2.28399591054767 -2.51239550160244 -2.74079509265721 2.05559631949291 -3.19759427476674 -3.42599386582151 -3.65439345687628 -3.88279304793105 -4.11119263898581
0.345572255551815 0.38396917283535 0.422366090118885 0.46076300740242 -0.345572255551815 0.53755684196949 0.575953759253025 0.61435067653656 0.652747593820095 0.69114451110363
-1.29856806993484 -1.44285341103872 -1.58713875214259 -1.73142409324646 1.29856806993484 -2.0199947754542 -2.16428011655807 -2.30856545766195 -2.45285079876582 -2.59713613986969
-2.49396288720891 -2.77106987467657 -3.04817686214422 -3.32528384961188 2.49396288720891 -3.87949782454719 -4.15660481201485 -4.4337117994825 -4.71081878695016 -4.98792577441782
2.06844775518402 2.29827528353781 2.52810281189159 2.75793034024537 -2.06844775518402 3.21758539695293 3.44741292530671 3.67724045366049 3.90706798201427 4.13689551036805
0.301858093589544 0.33539788176616 0.368937669942776 0.402477458119392 -0.301858093589544 0.469557034472624 0.50309682264924 0.536636610825856 0.570176399002473 0.603716187179089
-0.0683407760225236 -0.0759341955805818 -0.08352761513864 -0.0911210346966982 0.0683407760225236 -0.106307873812815 -0.113901293370873 -0.121494712928931 -0.129088132486989 -0.136681552045047
2.82665772456676 3.14073080507418 3.45480388558159 3.76887696608901 -2.82665772456676 4.39702312710385 4.71109620761126 5.02516928811868 5.3392423686261 5.65331544913352
-1.4873776724562 -1.65264185828467 -1.81790604411314 -1.98317022994161 1.4873776724562 -2.31369860159854 -2.47896278742701 -2.64422697325548 -2.80949115908394 -2.97475534491241
-2.05006966693327 -2.27785518548141 -2.50564070402955 -2.73342622257769 2.05006966693327 -3.18899725967397 -3.41678277822211 -3.64456829677025 -3.8723538153184 -4.10013933386654
0.763010986614972 0.847789985127747 0.932568983640522 1.0173479821533 -0.763010986614972 1.18690597917885 1.27168497769162 1.3564639762044 1.44124297471717 1.52602197322994
-1.28787456778809 -1.43097174198677 -1.57406891618545 -1.71716609038413 1.28787456778809 -2.00336043878148 -2.14645761298016 -2.28955478717883 -2.43265196137751 -2.57574913557619
0.572081515565515 0.635646128406127 0.69921074124674 0.762775354087353 -0.572081515565515 0.889904579768578 0.953469192609191 1.0170338054498 1.08059841829042 1.14416303113103
-2.23993688682094 -2.48881876313438 -2.73770063944782 -2.98658251576126 2.23993688682094 -3.48434626838813 -3.73322814470157 -3.98211002101501 -4.23099189732845 -4.47987377364188
1.83636139752343 2.04040155280381 2.2444417080842 2.44848186336458 -1.83636139752343 2.85656217392534 3.06060232920572 3.2646424844861 3.46868263976648 3.67272279504687
0.298810211475939 0.332011346084376 0.365212480692814 0.398413615301251 -0.298810211475939 0.464815884518127 0.498017019126564 0.531218153735002 0.564419288343439 0.597620422951877
2.03204088751227 2.25782320834696 2.48360552918166 2.70938785001636 -2.03204088751227 3.16095249168575 3.38673481252044 3.61251713335514 3.83829945418984 4.06408177502453
-0.937384143937379 -1.0415379377082 -1.14569173147902 -1.24984552524984 0.937384143937379 -1.45815311279148 -1.5623069065623 -1.66646070033312 -1.77061449410394 -1.87476828787476
0.94477424165234 1.04974915739149 1.15472407313064 1.25969898886979 -0.94477424165234 1.46964882034808 1.57462373608723 1.67959865182638 1.78457356756553 1.88954848330468
0.206992847844958 0.229992053161065 0.252991258477171 0.275990463793278 -0.206992847844958 0.321988874425491 0.344988079741597 0.367987285057704 0.39098649037381 0.413985695689917
0.919929389376193 1.02214376597355 1.1243581425709 1.22657251916826 -0.919929389376193 1.43100127236297 1.53321564896032 1.63543002555768 1.73764440215503 1.83985877875239
-0.713073919527233 -0.792304355030259 -0.871534790533284 -0.95076522603631 0.713073919527233 -1.10922609704236 -1.18845653254539 -1.26768696804841 -1.34691740355144 -1.42614783905447
-1.14128423575312 -1.26809359528124 -1.39490295480937 -1.52171231433749 1.14128423575312 -1.77533103339374 -1.90214039292186 -2.02894975244999 -2.15575911197811 -2.28256847150624
-0.248575909528881 -0.27619545503209 -0.303815000535299 -0.331434546038508 0.248575909528881 -0.386673637044926 -0.414293182548135 -0.441912728051345 -0.469532273554554 -0.497151819057763
2.36193821718916 2.62437579687685 2.88681337656453 3.14925095625222 -2.36193821718916 3.67412611562759 3.93656369531527 4.19900127500296 4.46143885469064 4.72387643437833
1.57904740842059 1.75449712046733 1.92994683251406 2.10539654456079 -1.57904740842059 2.45629596865425 2.63174568070099 2.80719539274772 2.98264510479445 3.15809481684119
-1.3910363567993 -1.54559595199923 -1.70015554719915 -1.85471514239907 1.3910363567993 -2.16383433279892 -2.31839392799884 -2.47295352319876 -2.62751311839869 -2.78207271359861
-0.258031580597162 -0.286701756219069 -0.315371931840976 -0.344042107462883 0.258031580597162 -0.401382458706697 -0.430052634328604 -0.458722809950511 -0.487392985572418 -0.516063161194324
2.23439562600106 2.48266180666784 2.73092798733463 2.97919416800141 -2.23439562600106 3.47572652933498 3.72399271000177 3.97225889066855 4.22052507133534 4.46879125200212
1.42567919846624 1.58408799829582 1.74249679812541 1.90090559795499 -1.42567919846624 2.21772319761415 2.37613199744374 2.53454079727332 2.6929495971029 2.85135839693248
-2.67882834747434 -2.97647594163815 -3.27412353580197 -3.57177112996578 2.67882834747434 -4.16706631829341 -4.46471391245723 -4.76236150662104 -5.06000910078486 -5.35765669494867
-2.18347663152963 -2.42608514614403 -2.66869366075844 -2.91130217537284 2.18347663152963 -3.39651920460165 -3.63912771921605 -3.88173623383045 -4.12434474844486 -4.36695326305926
-0.664722610730678 -0.738580678589642 -0.812438746448606 -0.88629681430757 0.664722610730678 -1.0340129500255 -1.10787101788446 -1.18172908574343 -1.25558715360239 -1.32944522146136
2.25940101966262 2.51044557740291 2.7614901351432 3.01253469288349 -2.25940101966262 3.51462380836407 3.76566836610436 4.01671292384466 4.26775748158495 4.51880203932524
1.18302686652169 1.31447429613521 1.44592172574873 1.57736915536225 -1.18302686652169 1.84026401458929 1.97171144420281 2.10315887381633 2.23460630342985 2.36605373304337
1.99068879894912 2.2118764432768 2.43306408760448 2.65425173193216 -1.99068879894912 3.09662702058752 3.3178146649152 3.53900230924288 3.76018995357056 3.98137759789824
-0.183877725619823 -0.204308584022025 -0.224739442424228 -0.24517030082643 0.183877725619823 -0.286032017630835 -0.306462876033038 -0.32689373443524 -0.347324592837443 -0.367755451239645
-2.85852760076523 -3.17614177862803 -3.49375595649083 -3.81137013435364 2.85852760076523 -4.44659849007924 -4.76421266794205 -5.08182684580485 -5.39944102366765 -5.71705520153046
0.56614332832396 0.629048142582178 0.691952956840396 0.754857771098614 -0.56614332832396 0.880667399615049 0.943572213873267 1.00647702813148 1.0693818423897 1.13228665664792
-2.60587713774294 -2.8954190419366 -3.18496094613026 -3.47450285032392 2.60587713774294 -4.05358665871124 -4.34312856290489 -4.63267046709855 -4.92221237129221 -5.21175427548587
-1.88527084328234 -2.09474538142482 -2.30421991956731 -2.51369445770979 1.88527084328234 -2.93264353399475 -3.14211807213724 -3.35159261027972 -3.5610671484222 -3.77054168656468
1.68158010626212 1.86842234029124 2.05526457432037 2.24210680834949 -1.68158010626212 2.61579127640774 2.80263351043686 2.98947574446599 3.17631797849511 3.36316021252424
-0.949607343412936 -1.05511927045882 -1.1606311975047 -1.26614312455058 0.949607343412936 -1.47716697864234 -1.58267890568823 -1.68819083273411 -1.79370275977999 -1.89921468682587
1.43964375788346 1.59960417542607 1.75956459296867 1.91952501051128 -1.43964375788346 2.23944584559649 2.3994062631391 2.55936668068171 2.71932709822431 2.87928751576692
0.103935739025474 0.115484154472748 0.127032569920023 0.138580985367298 -0.103935739025474 0.161677816261848 0.173226231709123 0.184774647156397 0.196323062603672 0.207871478050947
1.73183161905035 1.92425735450039 2.11668308995043 2.30910882540047 -1.73183161905035 2.69396029630055 2.88638603175059 3.07881176720063 3.27123750265067 3.46366323810071
-0.969419523607939 -1.07713280400882 -1.1848460844097 -1.29255936481059 0.969419523607939 -1.50798592561235 -1.61569920601323 -1.72341248641411 -1.831125766815 -1.93883904721588
2.3823072114028 2.64700801266978 2.91170881393676 3.17640961520374 -2.3823072114028 3.70581121773769 3.97051201900467 4.23521282027165 4.49991362153863 4.76461442280561
1.84012895543128 2.04458772825698 2.24904650108268 2.45350527390838 -1.84012895543128 2.86242281955977 3.06688159238547 3.27134036521117 3.47579913803687 3.68025791086257
-2.96587512502447 -3.29541680558274 -3.62495848614102 -3.95450016669929 2.96587512502447 -4.61358352781584 -4.94312520837411 -5.27266688893239 -5.60220856949066 -5.93175025004894
2.47429716680199 2.74921907422443 3.02414098164688 3.29906288906932 -2.47429716680199 3.84890670391421 4.12382861133665 4.39875051875909 4.67367242618154 4.94859433360398
-0.191464176401496 -0.21273797377944 -0.234011771157384 -0.255285568535328 0.191464176401496 -0.297833163291216 -0.31910696066916 -0.340380758047104 -0.361654555425048 -0.382928352802992
-2.97927969926968 -3.31031077696631 -3.64134185466295 -3.97237293235958 2.97927969926968 -4.63443508775284 -4.96546616544947 -5.2964972431461 -5.62752832084273 -5.95855939853936
2.51174303423613 2.7908255935957 3.06990815295527 3.34899071231484 -2.51174303423613 3.90715583103398 4.18623839039356 4.46532094975313 4.7444035091127 5.02348606847227
0.408825346268713 0.454250384743015 0.499675423217317 0.545100461691618 -0.408825346268713 0.635950538640221 0.681375577114522 0.726800615588824 0.772225654063125 0.817650692537427
-2.59582854481414 -2.88425393868238 -3.17267933255062 -3.46110472641885 2.59582854481414 -4.03795551415533 -4.32638090802357 -4.6148063018918 -4.90323169576004 -5.19165708962828
-2.1536584161222 -2.39295379569133 -2.63224917526046 -2.8715445548296 2.1536584161222 -3.35013531396786 -3.589430693537 -3.82872607310613 -4.06802145267526 -4.3073168322444
-2.57304628333077 -2.85894031481196 -3.14483434629316 -3.43072837777436 2.57304628333077 -4.00251644073675 -4.28841047221795 -4.57430450369914 -4.86019853518034 -5.14609256666154
2.49849920812994 2.77611023125549 3.05372125438104 3.33133227750659 -2.49849920812994 3.88655432375769 4.16416534688324 4.44177637000879 4.71938739313434 4.99699841625988
0.0569862392731011 0.063318043636779 0.0696498480004569 0.0759816523641348 -0.0569862392731011 0.0886452610914906 0.0949770654551685 0.101308869818846 0.107640674182524 0.113972478546202
1.81141249509528 2.01268055010587 2.21394860511646 2.41521666012704 -1.81141249509528 2.81775277014822 3.0190208251588 3.22028888016939 3.42155693517998 3.62282499019057
-1.84356976859272 -2.04841085399191 -2.2532519393911 -2.45809302479029 1.84356976859272 -2.86777519558867 -3.07261628098786 -3.27745736638705 -3.48229845178624 -3.68713953718543
2.77405496081337 3.08228328979264 3.3905116187719 3.69873994775116 -2.77405496081337 4.31519660570969 4.62342493468896 4.93165326366822 5.23988159264748 5.54810992162675
-1.71603480912745 -1.90670534347494 -2.09737587782244 -2.28804641216993 1.71603480912745 -2.66938748086492 -2.86005801521242 -3.05072854955991 -3.24139908390741 -3.4320696182549
-0.587110937107354 -0.652345485674838 -0.717580034242322 -0.782814582809806 0.587110937107354 -0.913283679944774 -0.978518228512257 -1.04375277707974 -1.10898732564722 -1.17422187421471
2.02292185323313 2.24769094803681 2.47246004284049 2.69722913764417 -2.02292185323313 3.14676732725153 3.37153642205521 3.5963055168589 3.82107461166258 4.04584370646626
-0.0920333038084209 -0.102259226453801 -0.112485149099181 -0.122711071744561 0.0920333038084209 -0.143162917035321 -0.153388839680701 -0.163614762326082 -0.173840684971462 -0.184066607616842
1.52366925263777 1.69296583626419 1.86226241989061 2.03155900351703 -1.52366925263777 2.37015217076987 2.53944875439629 2.70874533802271 2.87804192164913 3.04733850527555
-2.65964463958517 -2.95516071065019 -3.2506767817152 -3.54619285278022 2.65964463958517 -4.13722499491026 -4.43274106597528 -4.7282571370403 -5.02377320810532 -5.31928927917033
0.819362440612167 0.910402711791297 1.00144298297043 1.09248325414956 -0.819362440612167 1.27456379650782 1.36560406768694 1.45664433886607 1.5476846100452 1.63872488122433
-1.24222583603114 -1.38025092892349 -1.51827602181584 -1.65630111470819 1.24222583603114 -1.93235130049288 -2.07037639338523 -2.20840148627758 -2.34642657916993 -2.48445167206228
-0.425395868718624 -0.472662076354027 -0.519928283989429 -0.567194491624832 0.425395868718624 -0.661726906895638 -0.70899311453104 -0.756259322166443 -0.803525529801846 -0.850791737437248
-0.418765594717115 -0.465295105241239 -0.511824615765363 -0.558354126289487 0.418765594717115 -0.651413147337735 -0.697942657861858 -0.744472168385983 -0.791001678910106 -0.83753118943423
1.64537048572674 1.82818942858527 2.0110083714438 2.19382731430233 -1.64537048572674 2.55946520001938 2.74228414287791 2.92510308573643 3.10792202859496 3.29074097145349
0.697777612600476 0.775308458444973 0.85283930428947 0.930370150133967 -0.697777612600476 1.08543184182296 1.16296268766746 1.24049353351196 1.31802437935645 1.39555522520095
0.0672158226370811 0.0746842473745346 0.0821526721119881 0.0896210968494415 -0.0672158226370811 0.104557946324348 0.112026371061802 0.119494795799255 0.126963220536709 0.134431645274162
2.40445114765316 2.67161238628129 2.93877362490942 3.20593486353755 -2.40445114765316 3.74025734079381 4.00741857942194 4.27457981805007 4.5417410566782 4.80890229530632
2.49900460615754 2.77667178461949 3.05433896308144 3.33200614154339 -2.49900460615754 3.88734049846729 4.16500767692924 4.44267485539118 4.72034203385313 4.99800921231508
2.59767488529906 2.88630542811006 3.17493597092107 3.46356651373208 -2.59767488529906 4.04082759935409 4.32945814216509 4.6180886849761 4.90671922778711 5.19534977059811
1.28916233405471 1.43240259339412 1.57564285273353 1.71888311207294 -1.28916233405471 2.00536363075177 2.14860389009118 2.29184414943059 2.43508440877 2.57832466810942
-0.496037398930639 -0.551152665478488 -0.606267932026337 -0.661383198574185 0.496037398930639 -0.771613731669883 -0.826728998217732 -0.88184426476558 -0.936959531313429 -0.992074797861278
1.75349103240296 1.94832336933663 2.14315570627029 2.33798804320395 -1.75349103240296 2.72765271707127 2.92248505400494 3.1173173909386 3.31214972787226 3.50698206480592
-1.32822954514995 -1.47581060572217 -1.62339166629439 -1.7709727268666 1.32822954514995 -2.06613484801104 -2.21371590858325 -2.36129696915547 -2.50887802972769 -2.6564590902999
2.48500180849805 2.76111312055339 3.03722443260873 3.31333574466407 -2.48500180849805 3.86555836877475 4.14166968083009 4.41778099288543 4.69389230494077 4.97000361699611
-0.48641135590151 -0.540457062112788 -0.594502768324067 -0.648548474535346 0.48641135590151 -0.756639886957904 -0.810685593169182 -0.864731299380461 -0.91877700559174 -0.972822711803019
-0.496728087309748 -0.551920097010831 -0.607112106711914 -0.662304116412997 0.496728087309748 -0.772688135815163 -0.827880145516246 -0.88307215521733 -0.938264164918413 -0.993456174619496
2.70623845607042 3.00693161785603 3.30762477964163 3.60831794142723 -2.70623845607042 4.20970426499844 4.51039742678404 4.81109058856964 5.11178375035524 5.41247691214085
-0.869405225850642 -0.966005806500713 -1.06260638715078 -1.15920696780086 0.869405225850642 -1.352408129101 -1.44900870975107 -1.54560929040114 -1.64220987105121 -1.73881045170128
0.702705034520477 0.780783371689419 0.858861708858361 0.936940046027303 -0.702705034520477 1.09309672036519 1.17117505753413 1.24925339470307 1.32733173187201 1.40541006904095
-2.06183802662417 -2.29093114069353 -2.52002425476288 -2.74911736883223 2.06183802662417 -3.20730359697094 -3.43639671104029 -3.66548982510964 -3.89458293917899 -4.12367605324835
2.62393365288153 2.91548183653504 3.20703002018854 3.49857820384204 -2.62393365288153 4.08167457114905 4.37322275480255 4.66477093845606 4.95631912210956 5.24786730576307
1.18281958485022 1.31424398316691 1.4456683814836 1.5770927798003 -1.18281958485022 1.83994157643368 1.97136597475037 2.10279037306706 2.23421477138375 2.36563916970044
1.08706953283399 1.20785503648221 1.32864054013044 1.44942604377866 -1.08706953283399 1.6909970510751 1.81178255472332 1.93256805837154 2.05335356201977 2.17413906566799
2.27135828370228 2.52373142633587 2.77610456896946 3.02847771160305 -2.27135828370228 3.53322399687022 3.78559713950381 4.03797028213739 4.29034342477098 4.54271656740457
-0.0566988266073167 -0.0629986962303519 -0.0692985658533871 -0.0755984354764223 0.0566988266073167 -0.0881981747224927 -0.0944980443455279 -0.100797913968563 -0.107097783591598 -0.113397653214633
0.589327052235603 0.654807835817337 0.720288619399071 0.785769402980804 -0.589327052235603 0.916730970144272 0.982211753726005 1.04769253730774 1.11317332088947 1.17865410447121
-1.68064709985629 -1.86738566650699 -2.05412423315768 -2.24086279980838 1.68064709985629 -2.61433993310978 -2.80107849976048 -2.98781706641118 -3.17455563306188 -3.36129419971257
1.13649925030768 1.26277694478631 1.38905463926494 1.51533233374357 -1.13649925030768 1.76788772270083 1.89416541717947 2.0204431116581 2.14672080613673 2.27299850061536
-2.57870827848092 -2.86523142053435 -3.15175456258779 -3.43827770464122 2.57870827848092 -4.01132398874809 -4.29784713080153 -4.58437027285496 -4.8708934149084 -5.15741655696183
-2.66137012001127 -2.95707791112363 -3.252785702236 -3.54849349334836 2.66137012001127 -4.13990907557309 -4.43561686668545 -4.73132465779781 -5.02703244891018 -5.32274024002254
-0.119822518900037 -0.133136132111152 -0.146449745322267 -0.159763358533382 0.119822518900037 -0.186390584955613 -0.199704198166728 -0.213017811377843 -0.226331424588958 -0.239645037800074
-1.66134743532166 -1.84594159480184 -2.03053575428203 -2.21512991376221 1.66134743532166 -2.58431823272258 -2.76891239220276 -2.95350655168295 -3.13810071116313 -3.32269487064332
-0.216328945476562 -0.240365494973958 -0.264402044471353 -0.288438593968749 0.216328945476562 -0.336511692963541 -0.360548242460936 -0.384584791958332 -0.408621341455728 -0.432657890953124
1.42669654637575 1.58521838486195 1.74374022334814 1.90226206183434 -1.42669654637575 2.21930573880672 2.37782757729292 2.53634941577911 2.69487125426531 2.8533930927515
-0.552716001402587 -0.614128890447319 -0.67554177949205 -0.736954668536782 0.552716001402587 -0.859780446626246 -0.921193335670978 -0.98260622471571 -1.04401911376044 -1.10543200280517
2.75953097641468 3.06614552934965 3.37276008228461 3.67937463521957 -2.75953097641468 4.2926037410895 4.59921829402447 4.90583284695943 5.2124473998944 5.51906195282936
-2.05715292692184 -2.2857254743576 -2.51429802179337 -2.74287056922913 2.05715292692184 -3.20001566410065 -3.42858821153641 -3.65716075897217 -3.88573330640793 -4.11430585384369
-1.11523025343195 -1.2391447260355 -1.36305919863905 -1.48697367124259 1.11523025343195 -1.73480261644969 -1.85871708905324 -1.98263156165679 -2.10654603426034 -2.23046050686389
1.30428733723238 1.44920815248042 1.59412896772847 1.73904978297651 -1.30428733723238 2.02889141347259 2.17381222872064 2.31873304396868 2.46365385921672 2.60857467446476
1.20500000333413 1.33888889259348 1.47277778185283 1.60666667111218 -1.20500000333413 1.87444444963088 2.00833333889022 2.14222222814957 2.27611111740892 2.41000000666827
-2.84333993028849 -3.15926658920944 -3.47519324813038 -3.79111990705132 2.84333993028849 -4.42297322489321 -4.73889988381416 -5.0548265427351 -5.37075320165604 -5.68667986057699
1.64172810595483 1.82414233994981 2.00655657394479 2.18897080793977 -1.64172810595483 2.55379927592973 2.73621350992471 2.91862774391969 3.10104197791467 3.28345621190965
2.51847805129364 2.79830894588182 3.07813984047001 3.35797073505819 -2.51847805129364 3.91763252423455 4.19746341882274 4.47729431341092 4.7571252079991 5.03695610258728
0.909291232936084 1.0103235921512 1.11135595136633 1.21238831058145 -0.909291232936084 1.41445302901169 1.51548538822681 1.61651774744193 1.71755010665705 1.81858246587217
2.53283537132666 2.81426152369628 3.09568767606591 3.37711382843554 -2.53283537132666 3.9399661331748 4.22139228554443 4.50281843791405 4.78424459028368 5.06567074265331
0.983693164307624 1.09299240478625 1.20229164526487 1.3115908857435 -0.983693164307624 1.53018936670075 1.63948860717937 1.748787847658 1.85808708813662 1.96738632861525
-0.216015371493995 -0.240017079437772 -0.26401878738155 -0.288020495325327 0.216015371493995 -0.336023911212881 -0.360025619156659 -0.384027327100436 -0.408029035044213 -0.43203074298799
1.11870637675747 1.24300708528608 1.36730779381469 1.4916085023433 -1.11870637675747 1.74020991940051 1.86451062792912 1.98881133645773 2.11311204498634 2.23741275351495
-1.19707623263821 -1.33008470293134 -1.46309317322448 -1.59610164351761 1.19707623263821 -1.86211858410388 -1.99512705439702 -2.12813552469015 -2.26114399498329 -2.39415246527642
1.70484538609162 1.89427265121291 2.0836999163342 2.27312718145549 -1.70484538609162 2.65198171169808 2.84140897681937 3.03083624194066 3.22026350706195 3.40969077218324
-1.35265888553113 -1.50295431725681 -1.65324974898249 -1.80354518070817 1.35265888553113 -2.10413604415953 -2.25443147588521 -2.40472690761089 -2.55502233933657 -2.70531777106225
0.975904543418437 1.08433838157604 1.19277221973365 1.30120605789125 -0.975904543418437 1.51807373420646 1.62650757236406 1.73494141052167 1.84337524867927 1.95180908683687
-2.46497093187645 -2.73885659097383 -3.01274225007122 -3.2866279091686 2.46497093187645 -3.83439922736337 -4.10828488646075 -4.38217054555813 -4.65605620465552 -4.9299418637529
0.0473012547008693 0.0525569496676326 0.0578126446343958 0.0630683396011591 -0.0473012547008693 0.0735797295346856 0.0788354245014489 0.0840911194682121 0.0893468144349754 0.0946025094017386
0.856373093090951 0.951525658989946 1.04667822488894 1.14183079078794 -0.856373093090951 1.33213592258592 1.42728848848492 1.52244105438391 1.61759362028291 1.7127461861819
0.438480129931122 0.487200144367913 0.535920158804705 0.584640173241496 -0.438480129931122 0.682080202115079 0.73080021655187 0.779520230988661 0.828240245425453 0.876960259862244
0.168161281384528 0.186845868205031 0.205530455025534 0.224215041846037 -0.168161281384528 0.261584215487043 0.280268802307546 0.298953389128049 0.317637975948552 0.336322562769055
-1.02539988560602 -1.13933320622891 -1.2532665268518 -1.36719984747469 1.02539988560602 -1.59506648872048 -1.70899980934337 -1.82293312996626 -1.93686645058915 -2.05079977121204
-1.01216544723138 -1.12462827470154 -1.23709110217169 -1.34955392964184 1.01216544723138 -1.57447958458215 -1.6869424120523 -1.79940523952246 -1.91186806699261 -2.02433089446276
2.56811653543264 2.85346281714737 3.13880909886211 3.42415538057685 -2.56811653543264 3.99484794400632 4.28019422572106 4.5655405074358 4.85088678915054 5.13623307086527
2.70590308774263 3.0065589863807 3.30721488501877 3.60787078365684 -2.70590308774263 4.20918258093297 4.50983847957104 4.81049437820911 5.11115027684718 5.41180617548525
2.86505847377703 3.1833983041967 3.50173813461637 3.82007796503603 -2.86505847377703 4.45675762587537 4.77509745629504 5.09343728671471 5.41177711713438 5.73011694755405
0.563520046882331 0.626133385424813 0.688746723967294 0.751360062509775 -0.563520046882331 0.876586739594738 0.939200078137219 1.0018134166797 1.06442675522218 1.12704009376466
-1.95766663039103 -2.17518514487892 -2.39270365936682 -2.61022217385471 1.95766663039103 -3.04525920283049 -3.26277771731839 -3.48029623180628 -3.69781474629417 -3.91533326078206
1.90484332060441 2.11649257844935 2.32814183629428 2.53979109413922 -1.90484332060441 2.96308960982909 3.17473886767402 3.38638812551896 3.59803738336389 3.80968664120883
1.25264104222879 1.39182338025421 1.53100571827963 1.67018805630505 -1.25264104222879 1.94855273235589 2.08773507038131 2.22691740840673 2.36609974643216 2.50528208445758
-0.550982913002372 -0.612203236669302 -0.673423560336232 -0.734643884003162 0.550982913002372 -0.857084531337023 -0.918304855003953 -0.979525178670883 -1.04074550233781 -1.10196582600474
-0.228646375704557 -0.254051528560619 -0.27945668141668 -0.304861834272742 0.228646375704557 -0.355672139984866 -0.381077292840928 -0.40648244569699 -0.431887598553052 -0.457292751409113
1.71118964441121 1.90132182712356 2.09145400983592 2.28158619254827 -1.71118964441121 2.66185055797299 2.85198274068534 3.0421149233977 3.23224710611006 3.42237928882241
1.9709459329024 2.18993992544711 2.40893391799182 2.62792791053653 -1.9709459329024 3.06591589562595 3.28490988817066 3.50390388071537 3.72289787326008 3.94189186580479
1.2165204542689 1.35168939363211 1.48685833299533 1.62202727235854 -1.2165204542689 1.89236515108496 2.02753409044817 2.16270302981138 2.29787196917459 2.43304090853781
1.49987797345966 1.66653108162185 1.83318418978403 1.99983729794621 -1.49987797345966 2.33314351427058 2.49979662243277 2.66644973059495 2.83310283875714 2.99975594691932
-2.65281021175906 -2.94756690195451 -3.24232359214996 -3.53708028234541 2.65281021175906 -4.12659366273632 -4.42135035293177 -4.71610704312722 -5.01086373332267 -5.30562042351812
-0.427242230158299 -0.474713589064777 -0.522184947971255 -0.569656306877732 0.427242230158299 -0.664599024690688 -0.712070383597165 -0.759541742503643 -0.807013101410121 -0.854484460316598
2.68843323457986 2.98714803842207 3.28586284226428 3.58457764610648 -2.68843323457986 4.1820072537909 4.4807220576331 4.77943686147531 5.07815166531752 5.37686646915972
2.88902270933613 3.2100252325957 3.53102775585527 3.85203027911484 -2.88902270933613 4.49403532563398 4.81503784889355 5.13604037215312 5.45704289541269 5.77804541867226
-0.598850275855511 -0.665389195395013 -0.731928114934514 -0.798467034474015 0.598850275855511 -0.931544873553018 -0.998083793092519 -1.06462271263202 -1.13116163217152 -1.19770055171102
-0.688781468197703 -0.765312742441893 -0.841844016686082 -0.918375290930271 0.688781468197703 -1.07143783941865 -1.14796911366284 -1.22450038790703 -1.30103166215122 -1.37756293639541
1.0251501230523 1.13905569228033 1.25296126150837 1.3668668307364 -1.0251501230523 1.59467796919247 1.7085835384205 1.82248910764853 1.93639467687656 2.0503002461046
-1.11626057932153 -1.24028953257948 -1.36431848583743 -1.48834743909538 1.11626057932153 -1.73640534561127 -1.86043429886922 -1.98446325212717 -2.10849220538512 -2.23252115864307
-0.529448165092617 -0.588275738991797 -0.647103312890977 -0.705930886790156 0.529448165092617 -0.823586034588516 -0.882413608487695 -0.941241182386875 -1.00006875628605 -1.05889633018523
-0.30284661334008 -0.336496237044533 -0.370145860748986 -0.40379548445344 0.30284661334008 -0.471094731862346 -0.5047443555668 -0.538393979271253 -0.572043602975706 -0.60569322668016
2.48294308315963 2.75882564795514 3.03470821275065 3.31059077754617 -2.48294308315963 3.8623559071372 4.13823847193271 4.41412103672822 4.69000360152374 4.96588616631925
-2.12010770849884 -2.35567523166537 -2.59124275483191 -2.82681027799845 2.12010770849884 -3.29794532433152 -3.53351284749806 -3.7690803706646 -4.00464789383113 -4.24021541699767
1.06715397583321 1.18572663981467 1.30429930379614 1.42287196777761 -1.06715397583321 1.66001729574054 1.77858995972201 1.89716262370348 2.01573528768495 2.13430795166641
2.23284279322252 2.48093643691391 2.7290300806053 2.97712372429669 -2.23284279322252 3.47331101167947 3.72140465537086 3.96949829906225 4.21759194275364 4.46568558644503
0.963375375140458 1.0704170834894 1.17745879183834 1.28450050018728 -0.963375375140458 1.49858391688516 1.6056256252341 1.71266733358304 1.81970904193198 1.92675075028092
0.356840397231281 0.396489330256979 0.436138263282677 0.475787196308374 -0.356840397231281 0.55508506235977 0.594733995385468 0.634382928411166 0.674031861436864 0.713680794462562
1.65628254879266 1.84031394310296 2.02434533741325 2.20837673172355 -1.65628254879266 2.57643952034414 2.76047091465443 2.94450230896473 3.12853370327502 3.31256509758532
-0.410754808690399 -0.456394231878221 -0.502033655066043 -0.547673078253865 0.410754808690399 -0.638951924629509 -0.684591347817331 -0.730230771005154 -0.775870194192976 -0.821509617380798
-0.296056747902185 -0.328951942113539 -0.361847136324892 -0.394742330536246 0.296056747902185 -0.460532718958954 -0.493427913170308 -0.526323107381662 -0.559218301593016 -0.592113495804369
1.17535113031045 1.30594570034494 1.43654027037943 1.56713484041393 -1.17535113031045 1.82832398048292 1.95891855051741 2.0895131205519 2.2201076905864 2.35070226062089
-1.64738404517993 -1.83042671686659 -2.01346938855325 -2.19651206023991 1.64738404517993 -2.56259740361323 -2.74564007529989 -2.92868274698655 -3.11172541867321 -3.29476809035987
0.405341204255819 0.450379115839799 0.495417027423779 0.540454939007759 -0.405341204255819 0.630530762175719 0.675568673759699 0.720606585343679 0.765644496927659 0.810682408511639
1.78264988819137 1.98072209799041 2.17879430778946 2.3768665175885 -1.78264988819137 2.77301093718658 2.97108314698562 3.16915535678466 3.3672275665837 3.56529977638274
-1.72235588729382 -1.9137287636598 -2.10510164002577 -2.29647451639175 1.72235588729382 -2.67922026912371 -2.87059314548969 -3.06196602185567 -3.25333889822165 -3.44471177458763
0.337045697495341 0.374495219439268 0.411944741383195 0.449394263327122 -0.337045697495341 0.524293307214975 0.561742829158902 0.599192351102829 0.636641873046756 0.674091394990683
-0.900857850909233 -1.00095316767693 -1.10104848444462 -1.20114380121231 0.900857850909233 -1.4013344347477 -1.50142975151539 -1.60152506828308 -1.70162038505077 -1.80171570181847
-2.79128819843754 -3.10143133159727 -3.411574464757 -3.72171759791672 2.79128819843754 -4.34200386423618 -4.6521469973959 -4.96229013055563 -5.27243326371536 -5.58257639687508
-0.194147630129009 -0.215719589032233 -0.237291547935456 -0.258863506838679 0.194147630129009 -0.302007424645126 -0.323579383548349 -0.345151342451572 -0.366723301354796 -0.388295260258019
-0.322804749011993 -0.358671943346659 -0.394539137681325 -0.430406332015991 0.322804749011993 -0.502140720685323 -0.538007915019989 -0.573875109354655 -0.609742303689321 -0.645609498023987
-0.0319423712790012 -0.0354915236433347 -0.0390406760076682 -0.0425898283720016 0.0319423712790012 -0.0496881331006686 -0.0532372854650021 -0.0567864378293355 -0.060335590193669 -0.0638847425580025
-0.81053063319996 -0.9005895924444 -0.99064855168884 -1.08070751093328 0.81053063319996 -1.26082542942216 -1.3508843886666 -1.44094334791104 -1.53100230715548 -1.62106126639992
2.27944866288453 2.53272073653837 2.78599281019221 3.03926488384604 -2.27944866288453 3.54580903115372 3.79908110480756 4.05235317846139 4.30562525211523 4.55889732576907
-2.33296864433214 -2.59218738259127 -2.85140612085039 -3.11062485910952 2.33296864433214 -3.62906233562777 -3.8882810738869 -4.14749981214603 -4.40671855040515 -4.66593728866428
-2.96189752640203 -3.29099725155781 -3.62009697671359 -3.94919670186937 2.96189752640203 -4.60739615218093 -4.93649587733671 -5.26559560249249 -5.59469532764827 -5.92379505280405
-1.80903610959649 -2.01004012177388 -2.21104413395127 -2.41204814612865 1.80903610959649 -2.81405617048343 -3.01506018266082 -3.21606419483821 -3.41706820701559 -3.61807221919298
-0.944330939557403 -1.04925659950823 -1.15418225945905 -1.25910791940987 0.944330939557403 -1.46895923931152 -1.57388489926234 -1.67881055921316 -1.78373621916398 -1.88866187911481
2.66404033591971 2.96004481768856 3.25604929945742 3.55205378122628 -2.66404033591971 4.14406274476399 4.44006722653285 4.7360717083017 5.03207619007056 5.32808067183942
-0.883043108973652 -0.981159009970725 -1.0792749109678 -1.17739081196487 0.883043108973652 -1.37362261395901 -1.47173851495609 -1.56985441595316 -1.66797031695023 -1.7660862179473
-1.71902501676232 -1.91002779640257 -2.10103057604283 -2.29203335568309 1.71902501676232 -2.6740389149636 -2.86504169460386 -3.05604447424412 -3.24704725388438 -3.43805003352463
0.975448757875711 1.08383195319523 1.19221514851476 1.30059834383428 -0.975448757875711 1.51736473447333 1.62574792979285 1.73413112511237 1.8425143204319 1.95089751575142
-1.50301940180361 -1.67002155755957 -1.83702371331553 -2.00402586907148 1.50301940180361 -2.3380301805834 -2.50503233633935 -2.67203449209531 -2.83903664785127 -3.00603880360723
1.36127818794921 1.51253131994357 1.66378445193792 1.81503758393228 -1.36127818794921 2.11754384792099 2.26879697991535 2.42005011190971 2.57130324390406 2.72255637589842
-1.77835101261735 -1.97594556957483 -2.17354012653232 -2.3711346834898 1.77835101261735 -2.76632379740477 -2.96391835436225 -3.16151291131973 -3.35910746827722 -3.5567020252347
2.69226815085858 2.99140905650953 3.29054996216049 3.58969086781144 -2.69226815085858 4.18797267911335 4.4871135847643 4.78625449041525 5.08539539606621 5.38453630171716
2.25710140820593 2.50789045356214 2.75867949891835 3.00946854427457 -2.25710140820593 3.511046634987 3.76183568034321 4.01262472569942 4.26341377105564 4.51420281641185
0.841160394251347 0.934622660279274 1.0280849263072 1.12154719233513 -0.841160394251347 1.30847172439098 1.40193399041891 1.49539625644684 1.58885852247477 1.68232078850269
2.95877753198147 3.28753059109052 3.61628365019957 3.94503670930862 -2.95877753198147 4.60254282752673 4.93129588663578 5.26004894574483 5.58880200485388 5.91755506396294
0.130780612584203 0.145311791760226 0.159842970936249 0.174374150112271 -0.130780612584203 0.203436508464317 0.217967687640339 0.232498866816362 0.247030045992384 0.261561225168407
2.56789614027366 2.8532179336374 3.13853972700114 3.42386152036488 -2.56789614027366 3.99450510709236 4.2798269004561 4.56514869381984 4.85047048718358 5.13579228054732
-1.35660533839837 -1.50733926488707 -1.65807319137578 -1.80880711786449 1.35660533839837 -2.1102749708419 -2.26100889733061 -2.41174282381932 -2.56247675030803 -2.71321067679673
