-1.91089763073251
2.51833562878892
-1.12965918984264
-2.61509037623182
-0.621470564045012
1.98852797225118
1.98613819107413
0.407318169716746
-2.70969752781093
-2.65173969324678
0.808309718035161
2.11630181316286
-2.33706323197111
1.13819926790893
2.40098760835826
-1.81536232307553
-1.79629669105634
-0.14845904102549
1.31444807024673
-2.85600050725043
2.67487208219245
1.35846814652905
2.70683920802549
-2.99449437204748
1.8129923036322
-2.65629458287731
-0.79921335959807
-0.68768829619512
2.43687802366912
-1.14211817923933
-1.10848437063396
2.9611236685887
0.856826633680612
-0.912600788287818
-0.353803723119199
-0.766047459561378
-1.5316617982462
2.02197291143239
-1.13066677143797
0.534149145707488
-0.247101217042655
-2.31104474002495
-0.961734658107162
-1.13336302153766
2.72677539708093
-2.66894231317565
-0.602445658296347
2.3540102946572
1.5988477896899
-1.5000086221844
1.15907916566357
0.514787404797971
0.810729707591236
-1.06780390022323
0.734455566387624
-2.17948619322851
1.16779075143859
-0.657147284131497
-0.450608307961375
1.11293388577178
2.64084769366309
-1.2304838639684
2.62113149603829
-2.90523511776701
-2.01731892395765
2.17544030304998
2.05526812188327
-0.113422641064972
-1.50413990858942
-2.35388061404228
-0.270800893194973
-1.04757884563878
0.254903420805931
-2.08455517189577
-1.0539299659431
1.54603060567752
0.130846167448908
-1.00657193083316
0.0848340829834342
-1.14269244018942
2.10215689335018
-2.04106325050816
2.0173792722635
-1.51936100050807
0.529846368357539
2.19757233280689
-0.943293313030154
1.29078277526423
2.27070090640336
2.04831271944568
0.0615473943762481
-0.371213222388178
-2.06990784639493
1.63415729021654
0.481131243053824
-0.839084860403091
-1.55185998603702
0.0328658991493285
1.73824923299253
1.00548252090812
-0.395941700320691
-2.07079399796203
1.01596908085048
2.81912877224386
-1.51958639826626
-1.89291651640087
-0.921070931944996
-2.85487964143977
2.85117103625089
0.819955083075911
0.999509119894356
1.76658236794174
-0.210106702521443
-2.12750692572445
0.120645867660642
-2.44477534806356
-1.24792707525194
-0.10568837961182
1.93574723415077
-2.91211387887597
0.227100019343197
2.51293447427452
0.429394996259362
1.30365384416655
1.44072422850877
0.0252228467725217
-0.0467346338555217
1.52566891908646
2.7036402001977
-2.02412530593574
1.26758446823806
-1.25017603766173
-1.24506445974112
-0.375157420523465
1.21329485625029
-0.726296916604042
-1.0851799515076
0.764776172116399
-0.147566397674382
0.602623622864485
1.1894603879191
1.0228578611277
-1.1188429472968
2.17620601784438
-0.027595900464803
2.50105726579204
0.48679985711351
1.17318468634039
-2.30291199591011
0.539150740485638
2.63358548423275
-0.554463341832161
1.00607951916754
-1.91497844830155
-2.42618287168443
-0.0228022928349674
2.40847379062325
2.86398615734652
-2.76145332679152
1.33434279542416
1.71127597242594
2.04758526943624
0.148129118140787
-0.261463006027043
-0.832411474082619
1.80762225016952
1.09133459022269
1.10520152561367
-0.833274111617357
1.49395324196666
-0.703796791378409
2.43816159758717
-0.204857401549816
2.16258593648672
1.30845893500373
-2.4940854893066
2.96546681597829
-0.232348070014268
0.745844192337245
-2.12164749065414
0.143738263752311
1.0213041678071
-0.786219987552613
1.99624651763588
-1.75542498193681
-0.710954492446035
-0.29242906998843
-1.01218771236017
0.719361021649092
-1.75703915487975
-2.20994415739551
-2.70623620552942
-2.45317445788532
-1.3243980333209
2.33793383371085
-0.434631970245391
-0.325354169122875
2.27612408157438
1.05818484211341
-1.66466689808294
1.16182863945141
-1.44970744242892
0.0712069147266448
0.911842898000032
-2.57539429469034
2.85307111032307
0.39719507843256
0.948737783823162
0.695897530764341
1.11101102968678
1.90225742664188
2.54943734267727
-1.36611672816798
2.33531610528007
-1.44658986339346
-2.63812997052446
0.771432765293866
-2.53357549896464
-0.851423737127334
-2.8271864997223
1.27890767063946
0.4491374976933
-2.83205965301022
-2.34847819525748
2.32491075340658
-1.83708133455366
2.79628451401368
-1.61049609817564
-1.16559499874711
1.80971377668902
2.42303584003821
-2.94855688652024
-0.815467892680317
1.09239566512406
-0.800940527580678
0.3944883341901
1.9146811212413
1.66613999661058
2.07387588266283
-2.17996355379
-1.98236979357898
0.607677548658103
2.22206463944167
1.12328185234219
2.99157782457769
2.01776601886377
-1.19460867857561
-2.74763782136142
-0.688478990457952
-0.910561388824135
-2.98257053783163
0.237796142231673
-2.57348064472899
2.25642136624083
-2.56995554314926
-1.98990714875981
-0.469962045550346
-2.41427698871121
0.107602086849511
1.84619877068326
-1.39004892949015
-1.80345554184169
-1.16247150627896
0.70356804644689
-2.17580095259473
2.30777557007968
0.425666038412601
-2.13301760656759
2.25913630239666
-1.66270408965647
-1.02591571910307
0.42975218128413
-0.470377380028367
0.930987254250795
-0.343583635054529
0.480518052354455
2.11307609360665
2.92239211779088
-0.98020626604557
1.16451270924881
-2.09562774281949
2.61695166025311
-2.7108273874037
-2.14667178690434
1.91504896664992
1.32147585460916
-1.70474740723148
1.93690763600171
-2.3297306955792
2.59437749907374
-1.79417686024681
-1.57178437896073
-2.79574822448194
-1.97158978320658
0.348254569340497
2.42344639403746
-2.50038845976815
-1.99537156708539
2.26123084500432
0.780466670170426
-2.77884433837608
-0.700525858439505
-0.0336335641331971
0.252558700740337
-2.840553289745
0.35006943019107
0.146241086069494
-2.42635551933199
-2.05559631949291
0.345572255551815
-1.29856806993484
-2.49396288720891
2.06844775518402
0.301858093589544
-0.0683407760225236
2.82665772456676
-1.4873776724562
-2.05006966693327
0.763010986614972
-1.28787456778809
0.572081515565515
-2.23993688682094
1.83636139752343
0.298810211475939
2.03204088751227
-0.937384143937379
0.94477424165234
0.206992847844958
0.919929389376193
-0.713073919527233
-1.14128423575312
-0.248575909528881
2.36193821718916
1.57904740842059
-1.3910363567993
-0.258031580597162
2.23439562600106
1.42567919846624
-2.67882834747434
-2.18347663152963
-0.664722610730678
2.25940101966262
1.18302686652169
1.99068879894912
-0.183877725619823
-2.85852760076523
0.56614332832396
-2.60587713774294
-1.88527084328234
1.68158010626212
-0.949607343412936
1.43964375788346
0.103935739025474
1.73183161905035
-0.969419523607939
2.3823072114028
1.84012895543128
-2.96587512502447
2.47429716680199
-0.191464176401496
-2.97927969926968
2.51174303423613
0.408825346268713
-2.59582854481414
-2.1536584161222
-2.57304628333077
2.49849920812994
0.0569862392731011
1.81141249509528
-1.84356976859272
2.77405496081337
-1.71603480912745
-0.587110937107354
2.02292185323313
-0.0920333038084209
1.52366925263777
-2.65964463958517
0.819362440612167
-1.24222583603114
-0.425395868718624
-0.418765594717115
1.64537048572674
0.697777612600476
0.0672158226370811
2.40445114765316
2.49900460615754
2.59767488529906
1.28916233405471
-0.496037398930639
1.75349103240296
-1.32822954514995
2.48500180849805
-0.48641135590151
-0.496728087309748
2.70623845607042
-0.869405225850642
0.702705034520477
-2.06183802662417
2.62393365288153
1.18281958485022
1.08706953283399
2.27135828370228
-0.0566988266073167
0.589327052235603
-1.68064709985629
1.13649925030768
-2.57870827848092
-2.66137012001127
-0.119822518900037
-1.66134743532166
-0.216328945476562
1.42669654637575
-0.552716001402587
2.75953097641468
-2.05715292692184
-1.11523025343195
1.30428733723238
1.20500000333413
-2.84333993028849
1.64172810595483
2.51847805129364
0.909291232936084
2.53283537132666
0.983693164307624
-0.216015371493995
1.11870637675747
-1.19707623263821
1.70484538609162
-1.35265888553113
0.975904543418437
-2.46497093187645
0.0473012547008693
0.856373093090951
0.438480129931122
0.168161281384528
-1.02539988560602
-1.01216544723138
2.56811653543264
2.70590308774263
2.86505847377703
0.563520046882331
-1.95766663039103
1.90484332060441
1.25264104222879
-0.550982913002372
-0.228646375704557
1.71118964441121
1.9709459329024
1.2165204542689
1.49987797345966
-2.65281021175906
-0.427242230158299
2.68843323457986
2.88902270933613
-0.598850275855511
-0.688781468197703
1.0251501230523
-1.11626057932153
-0.529448165092617
-0.30284661334008
2.48294308315963
-2.12010770849884
1.06715397583321
2.23284279322252
0.963375375140458
0.356840397231281
1.65628254879266
-0.410754808690399
-0.296056747902185
1.17535113031045
-1.64738404517993
0.405341204255819
1.78264988819137
-1.72235588729382
0.337045697495341
-0.900857850909233
-2.79128819843754
-0.194147630129009
-0.322804749011993
-0.0319423712790012
-0.81053063319996
2.27944866288453
-2.33296864433214
-2.96189752640203
-1.80903610959649
-0.944330939557403
2.66404033591971
-0.883043108973652
-1.71902501676232
0.975448757875711
-1.50301940180361
1.36127818794921
-1.77835101261735
2.69226815085858
2.25710140820593
0.841160394251347
2.95877753198147
0.130780612584203
2.56789614027366
-1.35660533839837
